; SOURCE: XTE J1737-376
; SOURCE RA:       264.495     SOURCE DEC:      -37.7721
; CREATION DATE: Fri Nov  4 01:45:24 2011
; DATE(MJD) RATE ERROR BKG SCANTYPE EBAND
 51217.793      -1.93      0.83      7.05  1 
 51224.789      -1.55      0.71      7.03  1 
 51231.570      -2.31      2.48      6.91  2 
 51238.370      -2.75      2.57      6.82  2 
 51245.237       1.00      2.56      6.89  2 
 51252.100       4.35      2.84      7.15  2 
 51255.842      -2.06      0.83      7.25  1 
 51259.893      -2.38      2.75      8.22  2 
 51265.755      -2.02      2.46      8.26  2 
 51280.409       0.90      2.89      7.75  2 
 51287.337      -4.60      2.72      7.78  2 
 51294.204      -4.09      2.77      7.67  2 
 51297.814      -2.10      0.87      7.23  1 
 51300.935      -1.38      3.96      7.88  2 
 51308.861      -5.87      2.70      7.92  2 
 51311.671      -1.76      0.78      7.82  1 
 51313.790      -4.79      2.63      8.13  2 
 51322.514      -2.27      3.16      7.88  2 
 51328.507      -1.95      3.97      7.96  2 
 51336.232      -0.55      3.30      7.56  2 
 51338.445      -0.33      1.05      7.35  1 
 51343.563      -7.21      4.10      6.73  2 
 51346.563      -0.82      4.47      7.02  2 
 51364.548      -4.73      3.64      7.59  2 
 51367.623      -2.22      0.93      7.74  1 
 51370.474      -2.62      3.21      8.29  2 
 51377.398      -3.76      3.84      7.91  2 
 51385.737       5.03      3.80      9.04  2 
 51389.264      -2.08      0.88      7.27  1 
 51392.048      -4.73      3.02      7.45  2 
 51399.512      -5.07      4.13      7.08  2 
 51402.588      -1.20      0.91      7.46  1 
 51405.508      -0.83      3.22      7.54  2 
 51408.516      -2.20      0.89      7.56  1 
 51411.634      -2.93      3.11      7.73  2 
 51420.422      -1.83      3.06      7.62  2 
 51423.431      -1.10      0.94      7.41  1 
 51430.222      -1.97      0.90      7.45  1 
 51433.071      -0.36      3.22      7.81  2 
 51441.059      -3.05      3.04      7.07  2 
 51448.319      -1.72      3.38      7.40  2 
 51455.582      -4.35      2.95      7.77  2 
 51463.305      -3.33      3.04      7.80  2 
 51470.294      -6.36      2.50      7.52  2 
 51472.237      -2.52      0.92      7.08  1 
 51475.286      -5.69      2.88      7.63  2 
 51478.094      -1.99      0.89      7.07  1 
 51481.143       0.14      3.12      7.40  2 
 51484.151      -2.40      0.88      7.24  1 
 51580.913       3.12      0.94      7.45  1 
 51584.758      -4.59      3.16      7.55  2 
 51587.898      -2.16      1.03      7.16  1 
 51591.741      -5.21      3.25      7.32  2 
 51594.749      -1.59      0.84      7.04  1 
 51598.725      -5.58      2.85      7.40  2 
 51605.379      -1.54      3.18      7.15  2 
 51610.915      -2.61      0.89      7.24  1 
 51614.964      -5.42      3.07      7.06  2 
 51623.009      -8.43      2.94      7.25  2 
 51626.812      -1.85      0.86      6.99  1 
 51629.792      -1.55      3.78      7.23  2 
 51636.706       0.14      3.22      7.64  2 
 51641.573      -2.40      0.84      7.04  1 
 51645.480       4.11      3.44      7.27  2 
 51653.324      -5.26      3.04      7.11  2 
 51660.707      -4.23      3.16      6.80  2 
 51667.757      -2.72      3.24      6.75  2 
 51671.758      -1.95      0.77      7.04  1 
 51674.736      -1.57      3.16      7.11  2 
 51683.641      -3.07      5.13      8.66  2 
 51687.642      -2.96      1.55      8.54  1 
 51690.618      -3.37      3.98      8.43  2 
 51697.329      -8.55      5.67      8.50  2 
 51702.260      -2.15      1.47      8.31  1 
 51727.637      -5.30      3.84      8.19  2 
 51731.636      -2.52      1.56      8.35  1 
 51739.542      -2.99      1.60      8.53  1 
 51743.448      -5.42      5.15      8.37  2 
 51747.247      -4.00      1.48      8.03  1 
 51751.352       5.26      5.93      8.37  2 
 51755.284      -1.16      1.45      8.19  1 
 51759.389       3.55      5.67      8.23  2 
 51763.389      -2.17      1.52      7.82  1 
 51767.432      -0.80      4.08      7.12  2 
 51771.564      -1.80      1.48      7.77  1 
 51775.605       0.56      5.35      8.14  2 
 51779.535      -3.45      1.44      8.38  1 
 51783.375      -2.13      5.22      8.14  2 
 51787.304      -2.69      1.53      7.76  1 
 51791.410      -2.82      5.09      8.69  2 
 51803.110      -1.56      1.47      7.90  1 
 51811.941      -2.62      1.49      7.66  1 
 51815.782     -10.76      4.70      8.22  2 
 51819.714      -2.40      1.47      7.92  1 
 51823.489      -4.44      5.06      8.09  2 
 51831.257       0.77      5.24      7.87  2 
 51835.319      -1.13      1.50      7.97  1 
 51839.289      -2.26      5.32      8.39  2 
 51843.218      -3.63      1.60      8.08  1 
 51847.121       3.34      5.48      8.49  2 
 51946.987      -6.06      5.32      8.33  2 
 51949.917      -1.86      1.20      7.79  1 
 51953.883      -8.15      8.95      9.41  2 
 51956.814      -3.54      1.46      8.13  1 
 51960.646      -1.52      4.60      7.87  2 
 51967.946      -7.09      4.33      7.36  2 
 51971.403      -2.10      1.18      7.51  1 
 51975.174      -3.36      3.99      7.46  2 
 51977.906      -2.54      1.14      7.07  1 
 51981.941      -5.50      3.83      7.82  2 
 51986.065      -1.55      1.11      7.72  1 
 51989.832     -10.06      4.84      8.04  2 
 51993.888      -2.59      1.51      8.36  1 
 51996.726      -4.94      5.14      8.07  2 
 51999.854      -4.06      1.69      8.17  1 
 52002.824      -2.44      5.12      8.11  2 
 52007.477      -0.34      1.13      7.46  1 
 52011.638       0.93      4.29      7.44  2 
 52014.435      -0.83      1.43      7.62  1 
 52017.337      -6.56      3.97      7.28  2 
 52020.599      -2.83      1.39      7.29  1 
 52024.833       2.23      9.27      8.04  2 
 52027.761      -3.03      1.49      7.12  1 
 52030.998      -2.13      5.45      7.73  2 
 52034.987      -2.64      1.43      7.94  1 
 52037.825       3.77      5.30      7.88  2 
 52043.723      -3.64      3.89      7.28  2 
 52047.844      -2.95      1.52      7.89  1 
 52051.740      -5.78      3.91      7.55  2 
 52055.662      -0.75      1.57      7.97  1 
 52059.557      -2.07      5.65      8.06  2 
 52062.486      -1.21      2.43      9.02  1 
 52065.453      -0.88      5.98      7.91  2 
 52090.771      -4.23      3.70      7.42  2 
 52093.819      -6.18      3.74      7.40  2 
 52097.606      -2.11      1.15      7.45  1 
 52101.568      -1.63      5.06      7.62  2 
 52104.363      -2.56      1.53      7.47  1 
 52107.463      -9.53      4.99      8.27  2 
 52111.252      -2.92      1.49      7.60  1 
 52115.278      -2.88      5.86      8.06  2 
 52119.266      -1.81      1.46      7.67  1 
 52122.299       5.63      5.91      7.83  2 
 52125.095      -1.78      1.48      7.57  1 
 52129.457      -3.09      5.53      7.01  2 
 52132.518      -2.40      1.50      6.72  1 
 52135.489      -2.67      5.14      7.31  2 
 52139.608      -2.21      1.45      7.51  1 
 52143.504      -4.88      5.05      7.36  2 
 52146.563      -2.05      1.11      7.41  1 
 52150.524       4.44      5.67      7.85  2 
 52153.517      -1.92      1.57      7.68  1 
 52156.219      -4.79      4.78      7.40  2 
 52160.139      -1.80      1.14      7.16  1 
 52163.238      -1.03      4.07      7.80  2 
 52167.026      -2.81      1.10      7.30  1 
 52169.990      -6.24      3.93      7.21  2 
 52173.846      -2.30      1.48      7.41  1 
 52177.806      -3.19      4.93      7.55  2 
 52182.258      -2.31      1.47      7.30  1 
 52184.632      -5.00      5.11      7.08  2 
 52189.412      -4.20      1.42      7.41  1 
 52192.513       5.78      3.96      7.15  2 
 52195.371      -3.87      1.42      7.56  1 
 52198.403       1.18      4.90      7.73  2 
 52202.188      -3.12      1.49      7.52  1 
 52205.286       0.27      5.20      7.51  2 
 52209.137      -3.29      1.52      7.35  1 
 52212.234      -1.20      4.89      7.83  2 
 52311.841      -4.20      1.46      8.14  1 
 52314.932       2.31      5.58      8.07  2 
 52317.918       0.14      1.51      8.40  1 
 52322.594       1.23      5.59      7.90  2 
 52328.670      -6.08      5.56      8.23  2 
 52331.722      -1.98      1.43      8.27  1 
 52339.914      -2.92      1.43      7.78  1 
 52343.075       0.16      5.10      8.34  2 
 52345.926       0.00      2.31      8.84  1 
 52350.933      -6.48      4.87      8.45  2 
 52353.917      -3.21      1.40      8.18  1 
 52357.865      -2.96      3.77      7.61  2 
 52360.849      -1.91      1.48      8.04  1 
 52363.806       3.31      5.36      8.17  2 
 52367.581      -3.87      1.41      7.94  1 
 52384.264      -1.43      5.40      8.08  2 
 52387.249      -3.90      1.45      7.50  1 
 52390.274      -4.93      4.31      8.15  2 
 52393.785      -0.94      1.41      7.65  1 
 52397.998      -1.92      5.28      8.26  2 
 52401.969      -2.77      1.37      8.01  1 
 52404.925      -6.62      5.05      7.94  2 
 52411.786      -4.15      4.95      8.05  2 
 52414.767      -2.88      1.52      7.70  1 
 52426.493      -5.23      5.69      8.06  2 
 52430.465      -1.24      1.44      7.90  1 
 52455.786      -4.67      3.71      7.42  2 
 52462.643      -2.50      3.80      7.52  2 
 52468.512     -12.68      4.67      8.04  2 
 52472.481      -3.92      1.54      7.81  1 
 52476.291       4.79      4.04      7.59  2 
 52483.016      -4.49      4.98      8.00  2 
 52486.395      -2.61      1.41      7.61  1 
 52490.008      -3.03      5.03      7.82  2 
 52493.386      -1.31      1.46      8.00  1 
 52496.541      -4.33      5.43      8.14  2 
 52504.586      -3.89      5.04      7.63  2 
 52510.519      -0.23      5.20      7.70  2 
 52513.366      -3.26      1.13      7.41  1 
 52516.255      -5.27      3.67      7.21  2 
 52520.222      -1.91      1.48      7.41  1 
 52524.294      -3.17      4.88      7.91  2 
 52532.202      -2.59      5.62      7.90  2 
 52535.842      -3.91      1.44      7.42  1 
 52539.189       2.09      5.27      7.60  2 
 52542.762      -2.61      1.46      7.74  1 
 52546.378      -0.62      5.11      7.68  2 
 52549.356      -1.63      1.42      7.51  1 
 52552.509      -1.65      5.17      7.52  2 
 52560.284       2.04      4.89      7.58  2 
 52575.038       0.21      3.95      7.26  2 
 52578.147      -2.53      1.10      7.72  1 
 52677.762      -2.10      1.10      7.24  1 
 52680.709      -3.80      4.15      7.24  2 
 52683.552      -3.81      1.39      7.58  1 
 52686.630      -2.33      5.60      7.05  2 
 52689.737      -2.55      1.39      7.76  1 
 52692.552      -6.31      3.81      6.90  2 
 52695.330      -2.47      1.04      7.14  1 
 52713.877      -3.01      3.77      7.13  2 
 52720.848       1.01      3.88      7.26  2 
 52723.821      -2.54      1.12      7.77  1 
 52727.820     -11.35      4.76      8.16  2 
 52730.662      -3.57      1.40      7.97  1 
 52734.462      -0.24      4.16      7.18  2 
 52737.633      -1.58      1.36      7.23  1 
 52741.564      -9.07      5.22      7.66  2 
 52745.657      -2.67      1.06      7.22  1 
 52747.750      -2.11      5.19      7.56  2 
 52751.777      -0.49      1.40      7.08  1 
 52755.121      -5.59      4.11      7.50  2 
 52758.817      -2.66      1.07      7.25  1 
 52761.896      -5.62      3.71      7.04  2 
 52764.735      -2.38      1.03      7.36  1 
 52776.493      -2.00      3.80      7.14  2 
 52779.661      -2.96      1.49      7.63  1 
 52783.330       1.87      5.44      7.99  2 
 52790.495      -5.98      4.08      7.49  2 
 52793.468      -3.07      1.09      7.41  1 
 52796.480      -4.12      3.98      7.40  2 
 52823.573      -0.56      3.84      7.32  2 
 52829.424      -1.97      3.92      7.36  2 
 52836.325       0.62      4.47      7.13  2 
 52843.226       0.34      5.47      7.32  2 
 52849.544      -9.87      3.85      6.70  2 
 52853.499      -2.87      1.09      7.00  1 
 52857.630      -1.95      5.04      7.25  2 
 52865.518      -3.02      3.72      6.83  2 
 52871.499      -3.60      5.13      7.70  2 
 52874.338      -2.88      1.12      7.23  1 
 52879.320      -2.73      3.77      6.99  2 
 52883.342      -2.63      1.13      7.47  1 
 52886.285      -0.49      5.49      7.92  2 
 52892.199      -2.09      4.10      7.09  2 
 52898.772      -4.48      3.52      7.21  2 
 52905.416      -0.79      5.13      7.33  2 
 52912.581      -2.75      3.90      6.94  2 
 52916.470      -2.63      1.41      7.45  1 
 52919.480       1.71      3.70      7.08  2 
 52923.238      -2.19      1.44      7.01  1 
 52927.168      -5.15      3.60      7.01  2 
 52930.071      -2.24      1.10      7.30  1 
 52934.065      -3.02      3.85      6.93  2 
 52937.101      -1.46      1.39      7.32  1 
 52941.093      -0.00      3.95      7.26  2 
 52945.050      -2.58      1.03      7.22  1 
 53042.574       5.60      4.42      7.37  2 
 53045.805      -2.95      1.08      7.60  1 
 53049.864      13.88      4.73      7.11  2 
 53052.831      55.88      2.07      7.43  1 
 53056.434      17.64      4.75      7.39  2 
 53059.203       4.52      1.17      7.47  1 
 53063.198      -3.81      5.38      7.58  2 
 53070.092      37.68      6.66      8.04  2 
 53074.043      -2.28      1.11      7.57  1 
 53076.984      -0.81      3.80      7.62  2 
 53079.951      37.58      3.29      8.13  1 
 53083.745       0.69      3.92      7.28  2 
 53087.697      45.52      2.02      7.83  1 
 53091.490       3.19      4.04      7.28  2 
 53095.508      -1.62      1.08      7.28  1 
 53098.643      -7.10      4.05      7.38  2 
 53102.269      -2.52      1.10      7.36  1 
 53113.881      -1.79      5.20      7.69  2 
 53116.847      -1.91      1.05      7.11  1 
 53119.986      -5.85      3.77      7.13  2 
 53123.739      -2.74      1.39      7.46  1 
 53127.662      -1.30      3.83      7.40  2 
 53131.811      -1.59      1.13      7.39  1 
 53134.489      -1.64      3.79      7.60  2 
 53137.651       0.15      1.18      7.54  1 
 53140.460       1.27      4.23      7.47  2 
 53143.426      -0.79      1.40      7.54  1 
 53147.350      -5.31      4.03      7.26  2 
 53150.383      -3.23      1.39      7.85  1 
 53154.584      -3.08      1.07      7.17  1 
 53157.658       1.19      4.14      6.98  2 
 53163.768      -6.39      4.34      5.30  3 
 53166.677      -0.62      0.98      5.00  4 
 53170.661      -3.89      4.10      5.21  3 
 53173.635       0.35      1.09      5.22  4 
 53177.550      -0.62      5.31      5.74  3 
 53180.458       0.73      1.01      5.27  4 
 53184.373      -0.57      4.46      5.07  3 
 53187.610      -0.17      1.35      5.27  4 
 53189.422       0.73      3.92      7.56  2 
 53190.343      -7.04      4.70      5.65  3 
 53193.176      -0.90      1.48      7.22  1 
 53193.449       0.07      1.39      5.93  4 
 53197.164      -5.86      5.40      7.46  2 
 53197.362     -13.63      7.87      6.36  3 
 53200.130      -2.52      1.10      7.31  1 
 53200.336      -1.06      1.09      5.29  4 
 53203.403      -1.67      4.53      5.62  3 
 53204.449      -6.63      3.97      7.29  2 
 53208.412      -0.84      1.07      5.06  4 
 53211.410     -11.54     10.84      5.40  3 
 53214.508      -2.54      1.46      7.82  1 
 53215.504       0.41      1.08      4.41  4 
 53218.565      -2.57      4.09      7.09  2 
 53218.831       5.25      4.69      5.44  3 
 53221.805       0.72      1.19      5.01  4 
 53225.458       5.56      4.32      5.68  3 
 53225.651      -6.58      4.89      7.66  2 
 53228.694       0.96      1.17      4.95  4 
 53229.534      -1.91      1.17      7.67  1 
 53231.624       4.01      4.56      5.35  3 
 53233.262       0.11      3.86      7.11  2 
 53235.517       2.61      1.37      4.67  4 
 53236.424      -3.41      1.54      8.06  1 
 53239.168      -2.51      5.86      5.92  3 
 53239.362      -1.54      4.96      7.57  2 
 53242.338      -0.01      1.01      4.97  4 
 53243.312      -2.47      1.06      7.31  1 
 53246.252      11.59      7.83      5.82  3 
 53247.234       1.27      4.36      7.49  2 
 53249.225      -0.28      1.03      5.39  4 
 53252.222       1.04      6.15      5.78  3 
 53254.254      -0.75      5.21      7.72  2 
 53256.178      -0.32      1.13      5.11  4 
 53257.287      -1.83      1.41      7.24  1 
 53259.312      -0.47      4.51      5.43  3 
 53260.427       0.92      3.95      7.29  2 
 53262.285       0.91      1.11      4.87  4 
 53264.377      -2.61      1.42      7.38  1 
 53266.403      -1.40      4.28      5.20  3 
 53267.450       4.78      3.98      6.87  2 
 53269.706       0.71      1.17      5.19  4 
 53270.677      -2.57      1.47      8.12  1 
 53273.358      -3.60      4.22      5.89  3 
 53274.339       0.79      5.00      7.69  2 
 53276.528      -0.01      1.24      5.25  4 
 53277.499      -2.94      1.08      7.16  1 
 53281.226      -1.04      3.75      7.30  2 
 53284.137       0.46      1.41      5.65  4 
 53288.247       9.96      4.39      5.13  3 
 53291.155      -0.14      1.09      4.93  4 
 53292.128      -2.49      1.13      7.33  1 
 53294.936       5.69      5.48      5.25  3 
 53295.066      -2.67      5.32      7.61  2 
 53298.096      -2.04      1.07      7.54  1 
 53301.755      -2.03      3.85      7.14  2 
 53302.085      -1.16      5.31      5.48  3 
 53304.795      -2.09      1.04      5.00  4 
 53307.661      -6.48      3.65      7.49  2 
 53308.124      -5.99      4.15      6.16  3 
 53398.654       1.57      1.01      4.85  4 
 53406.716      -0.75      1.01      5.16  4 
 53411.744      -4.42      7.37      5.71  3 
 53415.054      -0.93      0.99      4.99  4 
 53416.997      -9.49      3.88      6.98  2 
 53418.967      -0.91      4.28      5.51  3 
 53419.960      -2.26      1.39      7.35  1 
 53422.005      -0.47      2.34      6.81  4 
 53423.030      -6.56      3.68      7.30  2 
 53425.000       5.86      5.58      5.48  3 
 53428.234       0.83      1.50      5.33  4 
 53430.831      -4.96      5.07      7.66  2 
 53433.793      -2.34      1.12      7.51  1 
 53434.789       1.13      0.99      4.87  4 
 53437.714      -3.67      3.87      7.42  2 
 53442.785      -0.84      1.28      5.22  4 
 53445.579      -4.65      3.92      6.96  2 
 53446.564       0.21      4.43      5.39  3 
 53449.536       0.92      1.39      4.92  4 
 53452.658      -3.20      5.74      8.00  2 
 53453.446       4.01      5.10      5.07  3 
 53456.614       0.21      1.37      5.23  4 
 53459.347      -2.90      5.12      7.93  2 
 53459.677       2.58      4.27      5.33  3 
 53462.771      -2.17      2.34      8.00  1 
 53463.765       1.70      1.34      4.35  4 
 53466.827     -11.25      4.87      6.13  3 
 53469.932       2.35      1.00      4.91  4 
 53471.941       0.38      3.92      7.45  2 
 53472.862       7.04      4.20      4.70  3 
 53475.886      -2.07      1.07      7.50  1 
 53476.096       0.04      1.10      5.29  4 
 53479.741      -6.36      3.72      7.06  2 
 53479.942      -5.37      4.10      5.45  3 
 53482.900      -1.39      1.48      7.43  1 
 53483.698       0.76      1.35      5.35  4 
 53486.627       1.43      4.31      5.33  3 
 53486.820      -5.55      3.71      7.50  2 
 53489.717      -1.65      1.53      7.49  1 
 53490.842      -0.29      0.97      4.98  4 
 53493.439      -2.07      3.99      7.35  2 
 53494.425      -1.18      4.14      5.36  3 
 53497.385      -2.45      1.09      7.51  1 
 53498.378       0.30      0.99      4.96  4 
 53501.303      -6.63      5.06      7.46  2 
 53502.288      -0.25      5.28      6.16  3 
 53506.242       0.31      0.99      5.01  4 
 53508.252      -4.90      3.74      7.41  2 
 53510.560      -0.86      2.24      8.51  1 
 53514.024      -7.55      4.94      7.65  2 
 53521.905      -1.75      1.09      7.49  1 
 53546.558      -0.80      1.06      5.39  4 
 53549.484      -2.02      6.27      5.94  3 
 53553.372      -0.70      1.43      6.05  4 
 53554.332      -2.42      5.54      7.69  2 
 53556.364       8.05      8.31      6.21  3 
 53558.344      -1.50      2.36      7.29  1 
 53559.990       1.59      1.40      5.35  4 
 53561.937       2.01      5.25      8.01  2 
 53563.380     -11.64      7.32      6.48  3 
 53565.032      -1.95      1.13      7.39  1 
 53566.484      -1.26      1.40      5.41  4 
 53569.611      -0.92      3.89      6.91  2 
 53570.596      -0.42      6.04      5.67  3 
 53572.572      -2.47      1.08      7.22  1 
 53573.961      -1.19      1.27      5.47  4 
 53577.676       1.00      5.91      5.77  3 
 53579.519      -2.45      1.42      7.81  1 
 53580.777       3.15      1.54      5.83  4 
 53582.455       0.04      5.26      7.50  2 
 53583.704       4.25      9.86      7.14  3 
 53585.548      -0.33      1.54      7.70  1 
 53589.532       1.55      4.06      7.29  2 
 53591.238       1.83      4.31      5.44  3 
 53592.428      -4.28      1.58      8.25  1 
 53594.340      -1.31      1.44      5.18  4 
 53597.331       0.69      4.64      5.62  3 
 53598.260      -3.20      1.09      7.47  1 
 53601.284      -2.29      1.42      5.31  4 
 53602.046      -4.57      4.11      7.24  2 
 53604.996      -9.50      6.99      5.76  3 
 53605.140      -1.90      1.42      7.99  1 
 53608.883      -0.48      1.38      5.88  4 
 53609.254      -0.10      9.27      9.23  2 
 53615.242      -0.37      1.41      5.66  4 
 53616.602      -4.83      3.74      6.94  2 
 53619.355      -2.34      7.13      5.43  3 
 53620.415      -3.06      1.09      7.17  1 
 53624.466      -4.93      4.83      7.62  2 
 53626.698      -3.39      5.75      6.10  3 
 53631.346      -2.99      4.83      7.21  2 
 53633.447       5.54      5.72      5.39  3 
 53634.504      -2.51      1.47      7.67  1 
 53636.417       0.97      2.37      6.59  4 
 53638.225      -5.94      3.47      7.26  2 
 53639.343       3.76      5.80      5.44  3 
 53643.295      -2.62      1.37      5.37  4 
 53646.022      -1.97      3.87      7.48  2 
 53647.006       0.00      5.90      5.85  3 
 53649.115      -2.48      1.06      7.33  1 
 53650.238       1.12      2.29      6.20  4 
 53652.114      -6.50      5.20      7.61  2 
 53654.081      -3.60      7.40      5.68  3 
 53658.098      -1.20      1.39      5.88  4 
 53659.191      -7.25      4.81      7.64  2 
 53661.161      -6.95      9.82      7.36  3 
 53665.248       2.37      1.52      5.33  4 
 53666.337      -1.51      5.15      7.47  2 
 53668.172      -9.27     12.90      5.70  3 
 53670.479      -2.62      1.44      7.55  1 
 53672.587       0.60      1.41      5.33  4 
 53673.351      -7.54      3.54      6.98  2 
 53763.964      -5.15      4.36      5.13  3 
 53766.863      -1.24      0.98      4.99  4 
 53769.990       4.18      7.02      5.98  3 
 53774.009       1.50      1.01      4.83  4 
 53775.034       1.17      4.11      7.09  2 
 53777.004       5.72      4.39      5.47  3 
 53778.191      -3.93      1.43      7.76  1 
 53779.972      -0.22      1.01      5.04  4 
 53780.995      -4.45      3.98      7.54  2 
 53783.227      -0.75      5.56      5.66  3 
 53784.937      -1.76      1.44      8.02  1 
 53787.112       0.57      2.48      6.91  4 
 53787.807      -0.97      8.39      9.06  2 
 53790.823       4.72      5.74      5.69  3 
 53791.815      -2.97      1.50      7.78  1 
 53793.966       3.75     10.12      7.22  3 
 53794.750       0.76      5.58      7.69  2 
 53797.917       0.93      2.24      6.48  4 
 53798.824      -1.39      2.43      8.85  1 
 53800.842       2.36      6.08      6.32  3 
 53801.757      -3.85      5.29      7.62  2 
 53804.793      -3.11      2.21      6.57  4 
 53805.700      -0.91      2.34      9.21  1 
 53808.372       0.72      6.97      6.40  3 
 53809.681     -10.96      5.32      8.67  2 
 53811.537      -0.60      2.54      7.05  4 
 53812.381      -3.02      2.43      8.44  1 
 53814.934       2.92     10.00      5.40  3 
 53816.825      -3.24      9.13      8.47  2 
 53818.815      -0.26      1.35      5.18  4 
 53819.787      -5.97      2.34      8.93  1 
 53821.808      11.88     12.20      7.75  3 
 53822.855       0.90      5.31      8.11  2 
 53826.208       0.24      2.37      9.06  1 
 53829.083       0.42      5.71      5.70  3 
 53829.865       9.26      5.30      7.24  2 
 53833.099       1.95      2.54      6.40  4 
 53833.806      -1.41      1.41      7.68  1 
 53835.763       3.41      5.61      5.60  3 
 53836.807      -4.16      8.64      8.73  2 
 53839.713       0.55      0.96      4.95  4 
 53840.683      -1.38      1.04      6.89  1 
 53842.704       8.35      5.74      5.61  3 
 53846.851       2.09      1.35      4.72  4 
 53849.709      -7.99      5.35      4.98  3 
 53851.410      -6.63      5.06      6.97  2 
 53853.530       2.34      1.39      5.00  4 
 53857.436      -3.06      4.89      5.29  3 
 53858.547      -1.29      3.87      6.62  2 
 53860.535      -0.71      1.33      5.27  4 
 53861.509      -2.22      0.98      6.72  1 
 53863.393     -17.20     11.18      6.21  3 
 53864.312       4.30      5.56      7.04  2 
 53867.612       1.92      1.33      4.12  4 
 53868.715      -3.76      2.36      8.20  1 
 53875.727      -3.28      1.35      6.92  1 
 53878.728      -6.45      5.06      6.66  2 
 53884.884      -9.27      4.80      7.14  2 
 53887.844      -1.58      1.42      7.00  1 
 53889.799      -8.78      5.64      5.41  3 
 53890.712       0.04      3.87      7.01  2 
 53892.767      -0.69      1.28      4.57  4 
 53893.462      -4.02      5.06      7.09  2 
 53896.673      -4.01      5.36      5.10  3 
 53900.362      -1.16      1.31      5.48  4 
 53903.547       8.10      5.77      5.68  3 
 53906.516       0.89      1.33      4.93  4 
 53910.422       1.30      6.02      5.38  3 
 53914.372       1.24      1.37      4.49  4 
 53917.500      -5.33      6.18      5.17  3 
 53918.546     -11.46      4.76      6.96  2 
 53920.535       3.14      1.40      3.82  4 
 53924.577       2.36      6.34      5.04  3 
 53927.600      -4.27      1.43      7.11  1 
 53928.594      -1.76      1.34      5.68  4 
 53930.600      -5.91      4.68      6.58  2 
 53932.569       5.41      6.10      5.23  3 
 53933.625      -3.93      1.44      7.39  1 
 53936.650      -0.05      1.40      5.84  4 
 53937.476      -2.21      5.15      6.93  2 
 53940.426       0.91      5.93      5.07  3 
 53941.549       1.29      1.58      6.69  1 
 53943.590       0.55      1.34      4.62  4 
 53945.464      -4.15      4.97      7.26  2 
 53946.580       2.09      5.90      4.98  3 
 53949.471      -1.79      1.51      7.14  1 
 53950.269      -1.49      1.31      4.58  4 
 53952.339      -1.94      4.87      6.60  2 
 53954.305       4.96      5.91      4.86  3 
 53958.190      -2.76      1.33      4.44  4 
 53958.297       8.77      5.94      7.20  2 
 53961.313      10.75      6.39      5.67  3 
 53962.174      -3.01      1.41      6.66  1 
 53964.280       1.32      1.40      4.92  4 
 53965.304      -3.76      4.94      7.24  2 
 53968.321       0.64      5.92      5.14  3 
 53971.491      -1.26      1.37      4.80  4 
 53972.448       1.05      5.51      6.60  2 
 53974.612      -1.59      6.53      5.54  3 
 53975.474      -2.50      1.46      6.94  1 
 53977.451       2.58      1.43      4.45  4 
 53980.440      -4.73      4.85      7.12  2 
 53982.670      -0.71      5.68      5.25  3 
 53983.595       0.59      1.52      7.30  1 
 53984.394      -0.65      1.38      4.80  4 
 53987.577      -4.61      4.48      6.90  2 
 53988.563      -2.44      5.61      5.10  3 
 53991.387      -2.77      1.51      7.37  1 
 53992.446      -0.26      1.35      4.61  4 
 53995.171       8.27      5.36      7.08  2 
 53995.371       8.75      6.04      5.80  3 
 53998.327      -1.76      1.52      7.30  1 
 53999.386       1.64      1.40      5.11  4 
 54003.095       3.12      6.14      5.70  3 
 54006.194       1.65      1.40      4.73  4 
 54008.003      -8.15      4.61      6.85  2 
 54010.165     -11.39      6.54      5.60  3 
 54011.094      -0.52      1.47      6.97  1 
 54013.853      -1.82      1.37      4.77  4 
 54015.730       9.53      5.60      6.83  2 
 54016.330      -9.30      5.52      4.21  3 
 54019.160       0.09      1.40      4.63  4 
 54022.218      -0.08      9.40      5.94  3 
 54022.743       5.97      5.57      7.09  2 
 54025.253       1.85      1.46      4.79  4 
 54026.292      -1.72      1.50      7.05  1 
 54028.576       1.23      5.64      5.09  3 
 54031.347       1.47      1.44      4.53  4 
 54032.251      -3.78      1.43      6.93  1 
 54034.404       9.10      5.94      5.07  3 
 54035.316      -8.00      4.44      6.90  2 
 54037.437       0.21      1.43      4.42  4 
 54038.340      -2.91      1.46      6.97  1 
 54128.166       3.81      5.94      5.38  3 
 54132.051       0.92      1.37      4.54  4 
 54135.238       3.48      5.58      5.13  3 
 54138.990      -0.54      1.37      5.53  4 
 54139.174      -1.67      1.39      7.02  1 
 54141.914      -1.34      5.71      5.43  3 
 54142.107      -4.43      5.29      7.13  2 
 54144.815      -3.09      1.31      5.93  4 
 54145.851      -0.45      1.48      7.26  1 
 54148.001      -2.27      5.79      5.25  3 
 54151.687       3.11      1.40      5.27  4 
 54152.658       0.01      1.43      7.11  1 
 54154.806       4.34      5.93      5.44  3 
 54155.655       4.71      5.76      7.33  2 
 54157.643       2.21      1.40      4.45  4 
 54161.744      -7.26      6.65      5.34  3 
 54162.527      -5.68      5.17      7.02  2 
 54165.692       0.49      1.37      4.98  4 
 54166.404      -3.01      1.39      6.84  1 
 54170.386      -3.00      5.20      6.95  2 
 54173.746      -1.54      1.32      4.47  4 
 54174.198      -1.98      1.38      7.03  1 
 54176.938      -0.53      5.60      5.42  3 
 54177.985      -4.18      5.13      7.06  2 
 54179.908       1.25      1.37      4.27  4 
 54180.878      -2.90      1.37      7.02  1 
 54182.899       1.07      5.68      5.50  3 
 54184.073      -9.28      4.77      6.97  2 
 54186.848       3.43      1.43      4.92  4 
 54188.078      -1.12      1.42      7.59  1 
 54189.772       1.55      5.66      5.55  3 
 54190.946      -6.22      4.87      7.31  2 
 54193.785       2.68      1.38      4.56  4 
 54194.689      -3.47      1.42      7.56  1 
 54196.905      -3.11      5.64      5.69  3 
 54197.687      -7.47      3.42      7.12  2 
 54199.872       2.17      1.37      4.92  4 
 54201.562      -1.90      1.40      7.19  1 
 54203.515       6.90      5.62      4.86  3 
 54204.690     -10.35      4.83      7.56  2 
 54207.463      -1.45      1.34      5.26  4 
 54208.435      -2.40      1.37      7.30  1 
 54210.386      16.94      7.32      5.16  3 
 54212.347       4.01      5.63      7.48  2 
 54214.268      -1.21      1.31      4.39  4 
 54216.289       0.09      1.43      6.75  1 
 54217.587      -9.29      5.32      5.42  3 
 54219.614       1.13      5.38      7.41  2 
 54221.533       2.07      1.40      5.40  4 
 54222.706      -0.37      1.42      6.30  1 
 54225.839       6.22      5.85      7.05  2 
 54228.808       2.82      1.38      4.34  4 
 54229.844      -0.24      1.42      7.23  1 
 54231.800       5.62      5.70      4.98  3 
 54232.909      -1.95      5.31      6.92  2 
 54235.749      -0.25      1.33      4.83  4 
 54236.718      -2.42      1.37      7.50  1 
 54238.694       2.23      1.37      4.62  4 
 54240.698      -9.12      4.91      7.22  2 
 54247.505      -3.94      5.18      6.95  2 
 54251.575      -2.53      1.44      7.11  1 
 54253.397       2.99      5.92      5.32  3 
 54255.554     -10.32      5.00      7.59  2 
 54256.363      -2.71      1.28      5.25  4 
 54260.267      -2.37      6.55      5.87  3 
 54267.137      -2.77      9.09      5.51  3 
 54270.434      -0.81      1.34      4.90  4 
 54274.207     -19.23      8.33      5.00  3 
 54277.573       1.67      1.38      4.29  4 
 54281.877       6.01      6.13      5.21  3 
 54283.641      -3.86      4.75      6.97  2 
 54285.825       0.56      1.43      5.76  4 
 54288.880     -14.30      5.87      6.19  3 
 54289.543      -2.49      1.48      6.88  1 
 54292.501       2.76      1.43      5.69  4 
 54292.607       1.83      5.47      7.38  2 
 54295.620      -9.20      5.39      5.89  3 
 54296.415      -2.21      1.52      7.17  1 
 54298.652      -0.12      1.33      5.07  4 
 54299.347      -1.56      5.13      7.57  2 
 54302.305      -2.67      1.48      6.81  1 
 54302.556      -0.93      5.88      5.79  3 
 54305.237      -7.22      4.82      7.13  2 
 54305.523      -0.57      1.32      5.12  4 
 54308.195      -2.28      1.46      7.00  1 
 54308.445      -0.57      6.03      5.16  3 
 54312.042      -0.42      5.05      6.81  2 
 54312.393       0.18      1.37      5.21  4 
 54316.048      -3.40      1.48      6.80  1 
 54316.296       4.37      9.40      5.30  3 
 54319.307       2.48      5.13      6.76  2 
 54320.244       2.41      1.41      4.17  4 
 54322.466      -2.87      1.50      6.41  1 
 54324.352       1.16      6.95      5.11  3 
 54325.465       2.75      5.79      6.27  2 
 54328.433      -1.70      1.36      4.40  4 
 54329.471      -3.06      1.45      6.59  1 
 54331.557     -13.70      5.41      4.89  3 
 54333.453       6.08      5.72      7.03  2 
 54334.656       0.78      1.40      4.31  4 
 54336.476      -1.78      1.46      7.11  1 
 54338.496       4.72      5.66      5.38  3 
 54340.586       1.77      5.28      7.55  2 
 54341.658       4.48      1.51      5.47  4 
 54344.329       0.89      1.58      7.45  1 
 54345.563      -8.41      5.69      7.15  3 
 54347.457      -2.44      4.87      7.18  2 
 54349.249      -1.03      1.36      5.04  4 
 54352.313      -4.15      1.49      7.30  1 
 54353.218       1.06      5.81      5.77  3 
 54356.119      -0.41      1.38      5.00  4 
 54356.291      -7.41      4.62      7.23  2 
 54362.900      -4.83      4.72      7.08  2 
 54363.906       0.70      1.39      4.23  4 
 54366.186      -2.42      1.42      6.97  1 
 54367.154     -11.69      8.65      5.73  3 
 54369.250      -2.29      4.86      7.06  2 
 54370.190      -0.65      1.40      5.48  4 
 54372.209      -2.19      1.44      6.94  1 
 54373.179     -14.95      5.25      5.35  3 
 54376.347      -0.97      1.42      5.20  4 
 54379.346      -2.54      1.48      6.86  1 
 54380.319      -0.27      6.01      5.41  3 
 54383.394       9.08      5.72      7.08  2 
 54384.400       0.81      1.43      4.81  4 
 54386.612      -0.38      1.47      6.66  1 
 54387.324       8.23      5.97      5.81  3 
 54390.356      -0.13      1.40      4.33  4 
 54390.462      14.56      5.84      6.28  2 
 54393.210       4.37      5.24      7.14  2 
 54393.475      -7.20      5.21      5.13  3 
 54396.180      -0.18      1.40      5.15  4 
 54397.345      -1.87      1.52      6.90  1 
 54400.149       4.56      5.67      5.02  3 
 54401.075      -1.57      1.50      6.97  1 
 54403.050       1.44      1.49      5.86  4 
 54404.203       0.00      4.98      6.77  2 
 54493.086       3.51      5.58      5.18  3 
 54496.902       0.32      1.36      4.69  4 
 54499.891       3.63      5.91      5.68  3 
 54503.903      -0.92      1.31      5.06  4 
 54504.742      -2.09      1.41      6.70  1 
 54506.955      -4.58      5.70      5.05  3 
 54508.654      -4.13      5.47      7.04  2 
 54510.641      -1.37      1.34      4.96  4 
 54511.677      -1.35      1.39      6.49  1 
 54513.759     -12.99      6.56      5.03  3 
 54517.706      -0.72      1.35      4.66  4 
 54521.672      -6.45     11.04      5.46  3 
 54521.873      -2.73      5.55      6.85  2 
 54524.844      -1.11      1.32      4.59  4 
 54525.289      -3.70      1.34      6.70  1 
 54527.898      -3.53      6.11      4.74  3 
 54528.944       3.78      5.92      7.05  2 
 54530.930       0.76      1.37      4.17  4 
 54532.884      -1.79      1.41      6.89  1 
 54534.904      -0.19      5.90      5.03  3 
 54536.209      -6.33      5.04      7.38  2 
 54538.263       0.15      1.41      4.97  4 
 54542.168       8.99      5.83      5.35  3 
 54543.014       0.53      5.30      6.76  2 
 54545.068       2.92      1.42      4.74  4 
 54546.756      -3.81      1.40      7.50  1 
 54548.710      -4.60      5.48      5.24  3 
 54550.669       3.00      5.52      6.96  2 
 54551.937       0.75      1.33      4.68  4 
 54553.757      -2.27      1.42      7.00  1 
 54554.663       9.52      5.91      4.74  3 
 54556.557     -12.58      4.62      7.02  2 
 54558.610      -0.14      1.33      4.83  4 
 54560.496      -1.45      1.38      6.95  1 
 54562.446       0.72      5.77      5.24  3 
 54564.407      -0.59      5.47      7.21  2 
 54566.393       0.44      1.35      4.53  4 
 54568.608       1.16      1.41      6.70  1 
 54569.510     -17.11     11.32      5.12  3 
 54571.604      -8.57      4.83      6.93  2 
 54573.659      -1.75      1.32      5.21  4 
 54575.283      -2.99      1.43      6.99  1 
 54576.579      20.53     11.73      5.50  3 
 54578.807      -0.99      5.47      6.96  2 
 54580.726       0.49      1.37      3.89  4 
 54581.830      -3.89      1.37      7.16  1 
 54583.851      -1.21      5.46      5.01  3 
 54584.764       4.63      5.70      6.57  2 
 54587.013       1.88      1.38      4.67  4 
 54588.768      -3.35      1.35      7.35  1 
 54590.788      -0.18      5.36      4.80  3 
 54591.765      -1.60      4.33     16.77  2 
 54594.015       1.30      1.38      4.50  4 
 54595.768      -2.30      1.38      7.12  1 
 54597.722       5.17      5.85      5.23  3 
 54598.700      -4.41      5.16      7.09  2 
 54600.883       1.13      1.31      4.17  4 
 54602.638      -3.62      1.39      7.08  1 
 54603.827       0.46      1.29      4.68  4 
 54606.419       3.72      5.61      6.98  2 
 54609.573      -2.76      1.39      7.55  1 
 54613.418      -3.79      5.27      7.20  2 
 54616.507      -1.96      1.37      7.05  1 
 54618.194       1.55      6.88      5.86  3 
 54620.157      -4.43      5.13      6.71  2 
 54621.490      -2.38      1.26      4.72  4 
 54623.232      -2.41      5.26      7.05  2 
 54625.595       2.46      5.94      4.84  3 
 54629.539      -0.91      1.32      4.58  4 
 54632.663      -0.71      5.64      5.12  3 
 54636.612      -0.51      1.35      5.19  4 
 54639.667      -2.16      5.26      4.62  3 
 54642.763       0.32      1.40      4.98  4 
 54646.732       1.26      6.03      5.00  3 
 54650.653      -6.39      4.73      7.02  2 
 54651.463      -0.82      1.34      5.35  4 
 54654.385       1.20      6.03      5.17  3 
 54656.344      -1.22      4.94      6.72  2 
 54657.285       0.98      1.36      4.79  4 
 54659.367      -2.79      1.48      6.93  1 
 54660.271      -9.41      5.96      4.87  3 
 54662.362       0.47      5.44      6.65  2 
 54663.367       1.40      1.37      4.89  4 
 54665.254      -1.23      1.50      7.34  1 
 54666.224      -8.33      7.16      4.98  3 
 54669.362      -4.25      5.33      7.24  2 
 54670.300       0.20      1.36      4.50  4 
 54673.425       7.60      6.02      5.19  3 
 54676.389       2.15      1.39      4.82  4 
 54676.496       2.52      5.89      6.31  2 
 54679.455      -3.53      1.50      6.91  1 
 54680.425       3.56      8.38      4.87  3 
 54682.586      -2.19      5.24      6.66  2 
 54684.506      -2.19      1.35      4.94  4 
 54687.563      -1.37      5.84      5.26  3 
 54690.724       0.10      1.44      5.75  4 
 54691.484       1.54      5.31      6.91  2 
 54693.451      -6.19      5.55      5.66  3 
 54694.637      -3.91      1.45      6.95  1 
 54697.397       3.65      1.43      4.79  4 
 54698.418      -9.35      4.54      7.11  2 
 54700.515       2.31      5.86      5.09  3 
 54701.505      -3.75      1.52      7.58  1 
 54703.546       0.34      1.35      4.39  4 
 54705.222      -5.23      4.66      6.84  2 
 54707.274       0.41      1.36      4.63  4 
 54708.310      -2.50      1.49      7.10  1 
 54710.391      -7.06      5.76      6.32  3 
 54711.174      21.80      6.20      7.40  2 
 54714.142     115.39      2.84      4.93  4 
 54715.178     108.82      2.85      7.42  1 
 54717.978      78.08      8.71      5.08  3 
 54719.154      64.16      8.10      7.20  2 
 54721.140      45.02      2.15      5.76  4 
 54723.159      34.03      2.01      7.07  1 
 54724.124      18.89     10.96      5.59  3 
 54727.335      12.59      5.93      6.39  2 
 54728.139      22.53      1.78      4.51  4 
 54730.359      -0.32      1.56      6.41  1 
 54731.397      -0.17      5.87      4.84  3 
 54733.424       2.91      5.46      7.48  2 
 54735.410      -0.31      1.37      4.08  4 
 54737.362       1.07      1.53      7.04  1 
 54738.401       9.99      5.99      4.47  3 
 54740.360      -4.89      4.99      6.48  2 
 54742.327      21.29      6.55      5.20  3 
 54743.578       2.35      1.55      7.15  1 
 54745.292      -2.51      1.36      4.95  4 
 54747.229      -2.65      4.88      6.76  2 
 54748.475       9.12      5.84      5.42  3 
 54750.185      -1.52      1.52      7.07  1 
 54752.225       5.38      1.47      4.42  4 
 54753.116      -1.83      4.92      6.94  2 
 54757.119       4.77      1.61      7.19  1 
 54758.308       0.44      1.38      4.91  4 
 54761.948      -2.71      5.74      5.25  3 
 54764.969      -3.76      1.44      7.18  1 
 54765.894      -0.13      1.41      4.61  4 
 54767.965       6.97      7.39      5.67  3 
 54768.880       5.86      5.84      7.29  2 
 54859.823      -8.64      5.56      5.16  3 
 54863.703      -0.63      1.33      4.37  4 
 54867.540       0.26      7.50      5.37  3 
 54870.757      -2.33      1.38      7.35  1 
 54871.812       0.33      1.35      4.78  4 
 54873.752      -7.15      5.17      7.23  2 
 54874.802      -0.75      5.67      5.16  3 
 54877.834      -3.16      1.31      5.65  4 
 54879.971      -1.51      5.83      6.80  2 
 54880.821      -7.00      7.08      5.14  3 
 54884.303      -0.97      1.39      6.79  1 
 54884.901       1.33      1.40      4.51  4 
 54887.236       5.59      6.24      7.23  2 
 54888.220      -4.13      5.59      5.37  3 
 54890.257      -1.95      1.38      7.38  1 
 54891.970      -1.65      1.35      5.13  4 
 54893.973      -2.29      5.17      7.27  2 
 54895.220       1.43      5.78      5.53  3 
 54896.078      -0.60      1.42      7.29  1 
 54897.923      -0.23      1.38      5.20  4 
 54900.056       2.22      5.46      7.17  2 
 54900.845       8.74      5.98      5.34  3 
 54903.809       2.50      1.39      5.01  4 
 54907.907       9.67      6.05      4.93  3 
 54908.820       1.22      5.39      7.15  2 
 54910.676       0.89      1.35      4.50  4 
 54911.646      -0.96      1.42      7.10  1 
 54913.792       0.42      6.04      5.65  3 
 54914.640       1.97      5.64      7.15  2 
 54917.738      -0.41      1.34      5.31  4 
 54918.644      -3.26      1.35      7.55  1 
 54921.639     -12.21      6.97      5.69  3 
 54922.619      -4.57      5.38      7.46  2 
 54924.672      -1.24      1.31      4.45  4 
 54925.642      -2.47      1.36      6.95  1 
 54928.912       0.13      5.89      4.51  3 
 54929.752     -10.60      5.06      7.07  2 
 54932.719      -2.56      1.31      4.41  4 
 54933.823      -3.90      1.38      6.40  1 
 54935.842       6.32      7.14      4.88  3 
 54936.887       7.45      5.80      6.97  2 
 54938.874       2.08      1.39      4.46  4 
 54939.778      -2.19      1.42      7.62  1 
 54941.797      -1.81      5.44      5.11  3 
 54942.840      -6.79      4.84      7.29  2 
 54946.005       1.54      1.42      4.80  4 
 54949.842       2.25      5.58      5.60  3 
 54951.669      -1.54      5.06      6.93  2 
 54954.625      -1.87      1.41      7.20  1 
 54958.536       5.72      5.78      7.62  2 
 54960.523      -2.44      1.29      5.27  4 
 54963.704       5.11      6.04      5.42  3 
 54965.599       7.28      5.82      6.78  2 
 54966.604       2.38      1.36      5.08  4 
 54968.555      -2.09      1.36      7.42  1 
 54969.546       0.09      1.31      4.73  4 
 54971.550      -5.28      5.39      7.13  2 
 54975.489      -2.27      1.37      6.85  1 
 54979.664      -0.84      5.62      7.11  2 
 54982.621       0.33      1.48      6.60  1 
 54985.686       4.29      5.95      6.81  2 
 54986.734       0.70      5.73      4.94  3 
 54989.742       5.49      5.69      6.82  2 
 54990.748       0.45      1.32      4.50  4 
 54993.670      -0.26      5.52      5.70  3 
 54998.663       0.95      1.36      5.19  4 
 55000.537       1.31      5.49      4.46  3 
 55004.483       1.38      1.37      4.66  4 
 55007.468      -1.17      5.30      4.99  3 
 55010.564      -0.37      1.33      5.06  4 
 55013.484       6.57      6.48      5.68  3 
 55014.463      -5.55      4.90      7.91  2 
 55016.515       2.90      1.38      4.52  4 
 55017.419      -1.41      1.49      7.22  1 
 55019.369      11.57      7.82      5.07  3 
 55023.183      -0.63      1.40      4.38  4 
 55025.333      -1.35      1.46      6.88  1 
 55027.348      -3.26      6.20      5.17  3 
 55028.529       2.20      5.73      6.30  2 
 55030.517      -0.58      1.35      4.22  4 
 55033.435      11.91      9.08      4.66  3 
 55034.614      -8.86      4.97      6.82  2 
 55037.580      -0.08      1.39      5.53  4 
 55038.551      -1.30      1.51      7.10  1 
 55041.552      11.35      6.12      4.57  3 
 55042.595      -5.27      4.74      7.18  2 
 55048.481     -11.67      4.18      6.62  2 
 55050.599      -1.78      1.36      5.44  4 
 55052.548      -3.66      1.48      7.25  1 
 55054.370      -1.83      5.57      4.70  3 
 55055.348      -1.89      5.01      6.81  2 
 55058.369      -0.93      1.55      7.30  1 
 55059.231       0.93      1.39      4.71  4 
 55061.364      -7.67      4.67      7.08  2 
 55063.131       2.13      6.02      5.34  3 
 55064.189      -2.54      1.46      6.69  1 
 55066.358       1.17      1.38      5.02  4 
 55067.314       5.66      5.69      7.30  2 
 55070.258       5.97      7.09      4.48  3 
 55071.251      -2.58      1.45      7.39  1 
 55073.942       0.74      1.41      5.00  4 
 55074.246       1.93      5.37      7.40  2 
 55077.259       2.30      5.71      4.81  3 
 55078.250       0.16      1.47      6.64  1 
 55080.290       2.96      1.42      3.79  4 
 55081.378      -2.79      5.19      7.08  2 
 55085.710      -1.11      1.48      7.18  1 
 55087.490       0.87      1.43      4.55  4 
 55088.578      -6.41      4.72      6.74  2 
 55094.358       1.46      1.46      5.33  4 
 55106.183      -0.91      1.53      6.96  1 
 55108.157       0.38      1.38      4.87  4 
 55110.093       1.50      5.16      7.94  2 
 55112.254      -1.47      5.85      5.61  3 
 55113.246      -4.20      1.46      7.34  1 
 55115.283      -2.60      1.33      5.13  4 
 55116.175       0.47      5.19      7.25  2 
 55119.184      10.82      7.42      4.94  3 
 55123.848      -1.12      1.39      4.49  4 
 55124.087       2.40      5.46      7.15  2 
 55126.048      12.17     11.71      5.27  3 
 55127.763      -3.46      1.48      7.06  1 
 55133.183     -11.19      5.55      5.40  3 
 55134.176       0.68      1.56      6.94  1 
 55228.751      -1.37      1.36      5.02  4 
 55231.806      11.00      7.37      5.47  3 
 55234.903      -1.26      1.36      4.68  4 
 55235.351      -2.57      1.38      6.88  1 
 55237.111      -3.07      5.69      4.60  3 
 55238.349     -12.15      5.06      7.29  2 
 55240.399      -0.85      1.34      4.77  4 
 55241.108      -2.88      1.37      7.25  1 
 55243.977      -1.98      5.80      4.93  3 
 55244.236     -10.22      4.80      7.10  2 
 55247.987      -0.96      1.36      4.91  4 
 55249.151      -2.94      1.38      7.20  1 
 55251.104       2.90      6.38      5.09  3 
 55252.082      10.22      6.05      6.99  2 
 55254.839      -1.36      1.46      7.71  1 
 55255.114      -2.27      1.31      5.03  4 
 55257.769      -9.90      4.71      7.13  2 
 55258.753       9.01      5.84      5.03  3 
 55261.705      -1.32      1.45      7.51  1 
 55264.634       6.99      5.81      7.34  2 
 55268.766      -0.39      1.40      7.12  1 
 55269.822      -0.28      1.34      5.44  4 
 55271.694       2.37      5.75      7.42  2 
 55273.460       0.85      7.30      5.64  3 
 55275.630      -1.06      1.37      6.84  1 
 55277.666      -0.10      1.36      5.14  4 
 55279.671       4.03      5.47      6.82  2 
 55280.583     -15.55     11.24      5.29  3 
 55283.819      -1.93      1.33      4.99  4 
 55286.280      -5.94      5.26      7.58  2 
 55287.719      -2.95     12.07      5.48  3 
 55291.928       3.13      1.41      4.46  4 
 55293.867     -12.05      4.57      6.74  2 
 55294.852       9.64      6.03      4.64  3 
 55297.815       0.39      1.37      4.61  4 
 55299.816     -10.25      5.12      7.16  2 
 55306.811      -1.03      5.23      7.39  2 
 55308.840      -1.94      5.56      5.33  3 
 55310.550      -2.32      1.41      6.87  1 
 55311.869      -0.48      1.28      4.45  4 
 55313.740       1.98      5.57      7.47  2 
 55314.788       0.41      5.89      5.29  3 
 55317.414      -3.67      1.37      7.47  1 
 55318.405       0.38      1.35      4.78  4 
 55320.341      -7.73      4.96      7.11  2 
 55322.566      -4.85      6.78      4.58  3 
 55324.474      -1.40      1.37      6.94  1 
 55325.528       2.03      1.37      4.87  4 
 55327.532       1.41      5.73      6.81  2 
 55328.514       2.00      7.18      5.52  3 
 55331.600      -2.50      1.34      7.08  1 
 55335.709      -4.24      5.69      6.78  2 
 55339.711      -1.80      1.42      6.67  1 
 55342.707      -4.83      5.39      6.96  2 
 55345.662       2.26      1.46      6.40  1 
 55348.787      -3.59      5.10      7.00  2 
 55353.846      -0.09      1.33      5.06  4 
 55354.540      -2.94      5.08      7.07  2 
 55357.681      -6.11      5.53      5.30  3 
 55360.708       1.05      1.32      5.15  4 
 55363.366       5.03      5.66      5.25  3 
 55366.460       1.17      1.35      4.92  4 
 55369.509      13.89      5.92      4.87  3 
 55372.276      -0.88      1.35      4.40  4 
 55375.391      -4.27      6.75      5.16  3 
 55379.401      -3.13      1.30      5.26  4 
 55382.524      -0.13      6.30      5.15  3 
 55383.565       1.29      5.59      6.60  2 
 55386.532       0.68      1.39      4.26  4 
 55389.717       8.36      6.16      4.69  3 
 55391.675      -1.34      5.10      6.30  2 
 55393.530       3.29      1.42      4.09  4 
 55395.610      -1.15      1.50      6.80  1 
 55396.779      -7.32      5.78      5.96  3 
 55398.539      -0.19      5.20      6.52  2 
 55400.852      -2.11      1.35      4.85  4 
 55402.735      -3.14      1.48      7.00  1 
 55404.687       2.63      5.94      5.16  3 
 55406.514       6.49      5.53      6.73  2 
 55407.453      -2.76      1.30      5.15  4 
 55408.553      -3.62      1.49      6.93  1 
 55410.504      -2.47      5.63      5.35  3 
 55411.350      -2.44      5.27      7.61  2 
 55414.512      -1.17      1.31      4.76  4 
 55417.430      -1.86      5.92      5.81  3 
 55418.147       4.25      5.74      6.88  2 
 55421.374      -1.07      1.32      4.43  4 
 55422.278      -3.70      1.40      6.96  1 
 55424.292     -12.54      6.42      5.77  3 
 55425.270      -1.21      5.29      6.50  2 
 55428.169      -1.34      1.41      5.09  4 
 55429.271      -1.34      1.46      7.23  1 
 55431.220      -8.10      7.00      6.36  3 
 55432.466      15.06      6.15      6.06  2 
 55435.228       1.81      1.41      4.61  4 
 55436.399       0.40      1.56      6.98  1 
 55438.937      -3.42      9.66      5.04  3 
 55439.854       3.87      5.39      7.47  2 
 55442.492       0.18      1.40      5.20  4 
 55444.639      -1.63      1.45      6.89  1 
 55446.461       4.40      6.04      5.29  3 
 55447.438      -8.22      4.75      6.95  2 
 55449.554       0.29      1.45      5.11  4 
 55450.391      -2.77      1.45      7.05  1 
 55452.605     -11.81      5.41      5.11  3 
 55453.516      -4.78      4.78      6.90  2 
 55456.482      -0.78      1.38      5.00  4 
 55457.253      -4.02      1.47      7.00  1 
 55459.336     -13.82      5.17      5.17  3 
 55460.182      -0.23      4.98      7.06  2 
 55463.343       0.51      1.38      4.76  4 
 55464.312      -1.77      1.52      7.26  1 
 55466.327      11.18      6.28      5.30  3 
 55468.220      -5.85      4.79      6.89  2 
 55470.074      -1.00      1.42      5.01  4 
 55471.174      -2.55      1.43      6.91  1 
 55477.849       0.53      1.42      5.05  4 
 55478.101      -0.59      1.45      6.38  1 
 55481.096      11.39      7.30      5.22  3 
 55482.274       3.46      5.49      6.84  2 
 55484.125      -0.55      1.38      4.38  4 
 55485.227      -2.34      1.48      6.86  1 
 55488.486       4.43      5.22      6.77  2 
 55491.636      -2.25      1.43      7.06  1 
 55494.634       7.48      5.99      4.86  3 
 55495.481       7.92      5.77      7.37  2 
 55498.643      -1.93      1.40      4.83  4 
 55589.134       3.03      5.90      4.48  3 
 55593.139       0.61      1.39      5.07  4 
 55597.171      -3.05      5.58      4.44  3 
 55600.054      -3.37      1.33      6.97  1 
 55601.243      -2.58      1.38      5.52  4 
 55603.178      -5.49      5.08      6.94  2 
 55604.945      12.81      5.93      4.88  3 
 55607.110      -3.28      1.40      6.94  1 
 55608.103       0.04      1.34      4.60  4 
 55610.824      -1.28      5.86      5.08  3 
 55613.982       0.25      1.33      4.54  4 
 55614.689      -2.80      1.41      7.26  1 
 55617.617      -6.51      5.69      5.14  3 
 55618.660      -9.44      4.80      6.56  2 
 55620.840       0.71      1.32      4.19  4 
 55628.742       1.56      1.37      4.58  4 
 55629.583      -3.16      1.33      6.21  1 
 55631.728     -11.57      5.42      4.96  3 
 55633.817     -11.14      4.74      6.93  2 
 55635.735      -2.12      1.29      4.44  4 
 55636.836      -3.69      1.39      7.01  1 
 55638.853      12.51      6.32      4.63  3 
 55640.289       6.46      5.81      7.13  2 
 55642.860      -1.11      1.34      4.64  4 
 55643.896      -3.01      1.35      6.78  1 
 55645.912       9.64      5.92      4.34  3 
 55647.020       3.75      5.71      7.08  2 
 55649.853       0.84      1.38      4.34  4 
 55652.837       2.55      5.88      5.15  3 
 55654.009      -3.65      4.95      6.77  2 
 55656.058       4.09      1.23     17.49  4 
 55661.846      -3.98      4.93      7.30  2 
 55663.894       0.96      1.33      4.65  4 
 55664.601      -1.75      1.40      7.03  1 
 55666.811       0.60      5.82      4.69  3 
 55668.506      -6.54      5.00      7.09  2 
 55670.490      -2.72      1.30      4.99  4 
 55671.654      -1.84      1.37      7.18  1 
 55673.666       0.34      5.79      4.86  3 
 55675.427      11.79      6.06      6.76  2 
 55678.576      -1.63      1.34      6.54  1 
 55680.260     -27.12     10.88      5.19  3 
 55681.566      -7.40      5.09      6.81  2 
 55684.596       4.53      1.40      4.19  4 
 55687.510     -12.11     10.76      5.15  3 
 55689.800     -11.90      4.95      6.55  2 
 55690.212      -0.12      1.31      4.60  4 
 55694.050       0.66      5.97      4.74  3 
 55696.791      -7.63      5.13      6.94  2 
 55697.141       1.83      1.36      4.23  4 
 55699.950       2.69      1.41      4.30  4 
 55700.721      -3.65      1.35      6.83  1 
 55703.711      -0.57      5.29      6.39  2 
 55706.858      -1.96      1.39      6.90  1 
 55710.567      -6.23      5.03      6.53  2 
 55713.714      -2.67      1.43      6.78  1 
 55715.466       7.92      5.68      4.99  3 
 55716.377      -4.81      5.00      6.69  2 
 55718.622       2.62      1.31      4.19  4 
 55719.577       1.48      5.55      6.85  2 
 55722.255      -2.98      5.57      4.30  3 
 55725.541       1.06      1.31      4.61  4 
 55729.369      -7.18      6.24      5.36  3 
 55736.424      -4.52      5.79      4.27  3 
 55740.494      -1.40      1.27      4.52  4 
 55744.655       4.21      5.44      6.43  2 
 55747.618      -2.28      1.30      4.14  4 
 55752.559       1.78      6.04      4.94  3 
 55754.514      -1.62      4.92      6.20  2 
 55755.518       0.02      1.35      4.67  4 
 55758.695      -5.33      5.59      4.15  3 
 55759.422      -1.32      1.52      6.75  1 
 55761.654       0.64      1.35      4.68  4 
 55762.543       6.44      5.44      6.51  2 
 55765.287      -7.69      5.77      4.64  3 
 55767.386      -0.52      1.52      6.62  1 
 55768.507       1.14      1.34      4.49  4 
 55769.396      -8.34      4.75      6.86  2 
 55772.204       0.29      5.85      4.33  3 
 55773.130      -2.72      1.46      6.27  1 
 55775.360       1.25      1.37      4.35  4 
 55779.253       9.52      7.28      4.56  3 
 55780.180      -1.13      1.47      6.85  1 
 55782.930      -1.08      1.32      4.11  4 
 55783.366      -0.53      5.04      6.36  2 
 55786.374       0.74      5.89      4.59  3 
 55789.399      -0.60      1.36      4.07  4 
 55790.487      -4.69      5.23      6.12  2 
 55796.453      -0.49      1.37      4.43  4 
 55797.474      -5.33      4.93      6.10  2 
 55799.501      11.43      5.87      4.44  3 
 55801.468      -3.58      1.41      6.63  1 
 55803.635      -0.36      1.41      4.65  4 
 55804.589      -8.58      4.45      6.71  2 
 55807.595      -1.33      5.79      4.79  3 
 55808.387      -2.77      1.48      6.73  1 
 55810.553       0.74      1.38      4.90  4 
 55811.441      12.24      5.70      7.07  2 
 55818.294       2.62      5.07      7.04  2 
 55820.319      -1.78      5.92      5.12  3 
 55822.027      -2.43      1.45      6.25  1 
 55824.256       0.79      1.38      4.49  4 
 55825.210      -7.87      4.65      6.78  2 
 55828.083       8.93      7.21      4.86  3 
 55829.140      -2.10      1.43      6.53  1 
 55832.194      -9.65      4.64      6.63  2 
 55835.201      -4.63      5.67      5.04  3 
 55836.255      -0.77      1.47      6.21  1 
 55838.938       1.83      1.44      4.05  4 
 55839.312      -1.47      5.25      6.25  2 
 55842.316       4.05      7.50      4.85  3 
 55843.437      -2.48      1.44      6.09  1 
 55845.341      -0.11      1.38      3.85  4 
 55846.623       7.69      5.50      6.87  2 
 55850.355      -2.67      1.44      6.71  1 
 55852.521       0.42      1.44      4.51  4 
 55856.413      -3.57      5.62      4.74  3 
 55857.205      -2.54      1.45      6.35  1 
 55859.305      -0.67      1.36      4.28  4 
 55860.323       2.08      5.18      6.71  2 
 55863.392      -2.26      5.55      4.72  3 
 55864.119      -2.56      1.50      7.10  1 
