; SOURCE: IGR J17375-3022
; SOURCE RA:       264.395     SOURCE DEC:      -30.3817
; CREATION DATE: Fri Nov  4 01:44:50 2011
; DATE(MJD) RATE ERROR BKG SCANTYPE EBAND
 51214.869       4.37      5.79     33.57  1 
 51217.800      11.96      7.32     23.35  1 
 51220.731       1.81      7.35     37.32  1 
 51224.796      12.41      6.36     25.89  1 
 51227.727      14.87      6.54     24.70  1 
 51231.617       8.68      5.51     32.01  2 
 51234.789      12.35      5.76     26.70  1 
 51238.417       9.08      6.05     29.67  2 
 51241.322       5.97      7.29     31.64  1 
 51245.284      13.94      5.60     28.86  2 
 51248.187      12.12      6.47     28.49  1 
 51252.148      13.48      6.25     23.35  2 
 51255.849       7.95      7.43     32.81  1 
 51259.941      -1.24      5.87     42.45  2 
 51262.778      12.46      6.11     34.33  1 
 51265.802      14.06      6.30     62.84  2 
 51269.772       7.63      6.61     36.01  1 
 51273.728       8.10      6.23     29.66  2 
 51276.566       3.34      5.81     36.65  1 
 51280.457       2.50      6.02     33.85  2 
 51283.494       8.37      7.64     34.42  1 
 51287.384      -2.16      5.98     35.53  2 
 51290.223       7.60      6.46     29.61  1 
 51294.252      18.38      6.38     28.74  2 
 51297.821       7.05      7.41     28.56  1 
 51300.982       4.36      8.84     38.00  2 
 51303.951      18.67      7.66     23.93  1 
 51308.909       0.44      6.13     36.55  2 
 51311.678       2.36      6.46     33.77  1 
 51313.838       6.94      6.01     33.48  2 
 51318.671      11.10      7.41     27.92  1 
 51322.562       4.37      6.95     30.82  2 
 51325.465      15.36      9.41     31.61  1 
 51328.556      13.05      8.59     28.90  2 
 51332.391      21.23      7.67     25.35  1 
 51336.282       8.32      6.78     30.15  2 
 51338.452       8.83      9.68     57.00  1 
 51343.612      10.93      8.24     24.06  2 
 51346.612      -4.03      8.01     37.70  2 
 51364.597      -7.06      7.74     44.05  2 
 51367.630       6.25      7.77     32.65  1 
 51370.524      -0.82      6.79     42.52  2 
 51374.489       8.11      7.45     33.98  1 
 51377.445       7.14      8.69     33.35  2 
 51381.786       4.63      7.76     32.13  1 
 51385.818       1.73      7.15     34.66  2 
 51389.271       7.15      7.59     27.08  1 
 51392.094      15.74      7.24     27.58  2 
 51396.399       6.18      7.98     29.14  1 
 51399.559      -6.80      8.69     46.33  2 
 51402.595       9.31      7.73     31.26  1 
 51405.554       5.24      6.91     32.91  2 
 51408.523       6.13      7.53     28.51  1 
 51411.680       6.10      7.02     33.78  2 
 51415.581      -0.32      7.90     45.22  1 
 51420.468      18.55      7.07     22.26  2 
 51423.438       9.24      7.82     34.10  1 
 51427.259       8.44      7.11     29.58  2 
 51430.229      -0.16      7.55     36.46  1 
 51433.118      -5.95      6.97     42.11  2 
 51436.021      10.03      7.79     31.36  1 
 51441.105      -1.92      6.77     34.88  2 
 51444.876      21.58      8.00     23.19  1 
 51448.352       3.74      9.02     35.23  2 
 51452.736      10.34      7.56     23.07  1 
 51455.628      -0.03      7.06     40.14  2 
 51463.352       4.61      6.95     35.98  2 
 51466.319       1.53      7.59     33.17  1 
 51470.340       8.08      7.06     36.75  2 
 51472.244      17.32      7.87     21.62  1 
 51475.332       3.37      7.07     37.47  2 
 51478.101       3.75      7.73     40.83  1 
 51481.189       7.83      6.89     27.61  2 
 51484.158       0.94      7.51     38.28  1 
 51580.920       4.17      7.52     31.30  1 
 51584.804       6.50      7.07     33.39  2 
 51587.905      -3.06      8.65     33.26  1 
 51591.788       3.72      7.23     34.64  2 
 51594.755      16.63      7.61     28.95  1 
 51598.772       3.67      6.31     37.82  2 
 51602.404      -0.81      7.38     36.69  1 
 51605.435      -1.23     12.14     38.22  2 
 51610.922      14.57      7.74     27.15  1 
 51615.011       7.73      7.15     31.67  2 
 51618.107      20.26      7.74     25.08  1 
 51623.057      11.81      6.94     26.83  2 
 51626.819       1.50      7.67     43.00  1 
 51629.838       1.89      8.61     36.33  2 
 51633.734       8.98      7.39     24.23  1 
 51636.753      -3.26      6.85     37.42  2 
 51641.580       1.16      7.36     38.05  1 
 51645.528       3.01      6.80     34.44  2 
 51649.423       2.19      7.25     32.24  0 
 51653.372     -10.00      6.60     42.07  2 
 51656.271       9.88      7.54     32.18  1 
 51660.754       7.11      7.60     48.93  2 
 51664.119      18.91      7.52     19.81  1 
 51667.805      -0.87      7.10     41.99  2 
 51671.764       6.94      6.39     28.88  1 
 51674.784       3.94      6.89     34.90  2 
 51677.680       9.25      9.92     52.75  1 
 51683.689      10.91     11.39     32.64  2 
 51687.648      -4.97     11.46     36.98  1 
 51690.666      17.43      9.38     35.08  2 
 51694.426      18.37      9.29     28.66  1 
 51697.378       2.10     11.61     43.66  2 
 51702.266      35.73     13.07     17.87  1 
 51727.687      15.16      8.32     27.19  2 
 51731.643      16.50     13.44     36.86  1 
 51739.549       7.00     12.57     26.59  1 
 51743.494      -1.05     11.99     39.54  2 
 51747.254      11.93     12.58     24.50  1 
 51751.399       3.69     11.98     33.19  2 
 51755.291      11.48     12.47     28.67  1 
 51759.422      17.40     15.03     25.12  2 
 51763.396      -6.05     19.68     35.53  1 
 51767.479       6.21      9.62     34.29  2 
 51771.571       6.95     12.29     27.30  1 
 51775.652      -2.81     11.20     34.77  2 
 51779.542      15.91     12.55     22.29  1 
 51783.422      19.99     11.54     23.22  2 
 51787.311      16.67     12.89     26.89  1 
 51791.456      -9.34     11.39     46.07  2 
 51803.117      11.80     12.30     19.56  1 
 51807.145     -15.05     20.41     52.32  2 
 51811.948       7.67     13.12     32.48  1 
 51815.828       0.23     11.22     35.67  2 
 51819.721      29.01     13.41     19.57  1 
 51823.536      12.14     11.36     31.51  2 
 51827.559      18.73     12.62     27.10  1 
 51831.304      22.51     11.72     31.15  2 
 51835.326      13.89     12.77     26.66  1 
 51839.335      22.51     11.32     21.15  2 
 51843.225       1.37     13.08     31.82  1 
 51847.168       7.06     11.78     32.89  2 
 51947.033       1.38     11.32     37.53  2 
 51949.924       8.32      9.32     32.77  1 
 51953.929      15.63     20.71     31.03  2 
 51956.821       7.99     11.91     34.46  1 
 51960.719      13.00      8.84     26.84  2 
 51963.584       4.10      9.15     36.79  1 
 51967.906       4.13      8.89     37.82  2 
 51971.410       3.61      9.23     37.44  1 
 51975.247      -1.75      8.69     41.01  2 
 51977.913      25.10     12.15    129.62  1 
 51981.988       1.90      8.70     36.49  2 
 51986.071      -2.44      8.97     44.07  1 
 51989.879       5.81     11.38     41.03  2 
 51993.895       7.41     12.55     33.81  1 
 51996.774       7.47     11.29     28.10  2 
 51999.861      11.63     12.40     26.44  1 
 52002.871      20.27     11.33     22.31  2 
 52007.484      18.36      9.20     29.26  1 
 52011.686      20.06      9.13     24.04  2 
 52014.442       6.08     11.56     24.92  1 
 52017.385       8.34      8.78     30.73  2 
 52020.606       0.64     12.08     37.82  1 
 52024.866     -10.79     22.10     45.05  2 
 52027.768      -1.59     11.94     32.07  1 
 52031.046      -1.82     11.42     37.93  2 
 52034.994      16.52     12.09     24.42  1 
 52037.873       1.13     11.14     33.78  2 
 52040.959      17.51     12.50     33.19  1 
 52043.771      15.23      9.05     40.08  2 
 52047.851       3.64     12.43     30.39  1 
 52051.788       5.43      8.37     30.93  2 
 52055.669      19.51     12.46     31.72  1 
 52059.606     -14.16     11.65     47.25  2 
 52062.493      12.65     20.25     33.52  1 
 52065.503      -5.11     11.49     38.09  2 
 52090.820       4.19      8.21     37.46  2 
 52093.868      -4.44      8.21     40.45  2 
 52097.613      22.21     10.71     31.31  1 
 52101.618      14.23     10.86     24.53  2 
 52104.370       5.48     12.86     39.45  1 
 52107.510     -18.44     13.88     74.57  2 
 52111.259      12.28     12.54     28.13  1 
 52115.325       2.72     11.71     34.41  2 
 52119.273      27.71     12.91     15.68  1 
 52122.346       1.26     11.58     36.82  2 
 52125.102      35.36     13.77     16.47  1 
 52129.504       6.83     11.57     30.39  2 
 52132.525     -11.29     12.33     48.40  1 
 52135.535       3.78     11.16     32.90  2 
 52139.615       7.68     12.42     30.89  1 
 52143.551      -2.98     11.20     36.68  2 
 52146.570      -3.55      9.82     39.05  1 
 52150.570       2.79     11.19     40.43  2 
 52153.524      -4.49     12.82     38.84  1 
 52156.266      11.11     11.20     24.87  2 
 52160.146      17.98     10.09     29.04  1 
 52163.284       0.18      8.88     34.39  2 
 52167.033      12.45     10.06     29.61  1 
 52170.038      -1.69      8.42     36.31  2 
 52173.853       9.22     12.67     29.22  1 
 52177.853      12.58     11.57     33.89  2 
 52182.264       6.32     12.62     28.69  1 
 52184.678       8.74     11.49     36.12  2 
 52189.419       5.22     12.31     29.04  1 
 52192.559      -5.18      8.24     37.23  2 
 52195.378       4.66     12.08     34.87  1 
 52198.449       6.61     11.03     31.00  2 
 52202.195      -0.02     12.59     35.19  1 
 52205.333      10.01     11.22     36.90  2 
 52209.144      -3.29     12.43     38.11  1 
 52212.281      -2.01     11.25     35.28  2 
 52311.848       8.11     12.42     41.21  1 
 52314.978      -0.67     11.21     34.01  2 
 52317.925      -5.61     11.34     41.65  1 
 52322.640      -4.06     11.52     38.51  2 
 52325.520      -3.67     11.87     38.90  1 
 52328.716      10.80     11.61     30.77  2 
 52331.729       3.38     11.95     32.41  1 
 52339.921      11.53     12.19     31.88  1 
 52343.121       1.52     11.27     36.96  2 
 52345.933      28.53     20.44     24.66  1 
 52350.981       6.80     14.14     49.20  2 
 52353.923       0.31     11.92     36.77  1 
 52357.912     -12.18      8.33     44.93  2 
 52360.855      12.05     12.83     35.63  1 
 52363.854       1.09     11.03     37.22  2 
 52367.588      14.46     11.64     20.91  1 
 52384.312       8.23     10.98     32.20  2 
 52387.256      13.96     11.69     25.74  1 
 52390.321       6.16     11.34     34.13  2 
 52393.792      28.42     12.58     22.97  1 
 52398.045       7.51     11.83     31.41  2 
 52401.976       6.54     11.77     41.18  1 
 52404.973       7.15     10.86     27.81  2 
 52411.834       9.87     10.76     36.54  2 
 52414.774       2.55     11.88     37.90  1 
 52422.359       0.04      8.98     42.76  1 
 52426.543      13.52     11.67     28.99  2 
 52430.471       7.42     11.79     31.23  1 
 52455.835      13.53      8.17     27.34  2 
 52462.693      14.71      8.19     22.58  2 
 52465.630      91.27     12.56     16.85  1 
 52468.561      -2.68     10.89     36.71  2 
 52472.488      -6.36     12.02     40.64  1 
 52476.341       6.92      8.37     28.01  2 
 52479.279      20.79      9.92     18.81  1 
 52483.066      15.66     11.06     28.45  2 
 52486.402      18.50     12.27     25.88  1 
 52490.055      10.84     10.86     30.16  2 
 52493.393      16.97     12.63     24.27  1 
 52496.587       8.47     11.11     29.21  2 
 52500.517      26.01     13.08     30.33  1 
 52504.633       7.93     11.75     42.18  2 
 52507.638     -12.52     12.08     42.48  1 
 52510.565       0.60     11.06     41.19  2 
 52513.373      -2.15      9.63     41.52  1 
 52516.301      13.09      8.47     27.31  2 
 52520.229       7.47     12.33     31.43  1 
 52524.341      -3.80     11.40     44.28  2 
 52528.071      -1.57     11.79     38.54  1 
 52532.249       3.78     11.49     30.53  2 
 52535.849       9.19     12.67     28.39  1 
 52539.235       3.18     11.00     38.30  2 
 52542.769      14.85     12.74     25.55  1 
 52546.424      -0.55     11.15     38.51  2 
 52549.363       4.84     12.40     33.28  1 
 52552.555      11.44     11.20     30.16  2 
 52556.481      -7.81     11.94     39.64  1 
 52560.330     -15.29     11.37     58.71  2 
 52575.084       0.12      8.39     32.03  2 
 52578.154       7.58      9.74     32.96  1 
 52677.769      14.67      9.26     32.35  1 
 52680.756       7.47      8.78     28.94  2 
 52683.559      15.97     11.86     19.94  1 
 52686.676       7.74     11.10     26.64  2 
 52689.744       5.68     11.15     26.74  1 
 52692.598       2.86      8.65     36.48  2 
 52695.337      17.42      9.10     22.45  1 
 52713.924       7.81      8.44     31.50  2 
 52716.856       1.23      8.97     27.09  1 
 52720.895      -3.81     10.31     82.08  2 
 52723.828       3.99      8.98     34.94  1 
 52727.866      25.16     12.52     51.85  2 
 52730.669       8.07     11.77     34.77  1 
 52734.509      14.12      8.80     26.60  2 
 52737.640      18.27     11.96     23.03  1 
 52741.611      -1.10     11.13     28.47  2 
 52745.664       1.40      8.99     36.82  1 
 52747.797      15.29     10.10     28.59  2 
 52751.784      10.74     11.65     31.58  1 
 52755.169       8.06      8.89     33.11  2 
 52758.823       7.97      8.90     30.49  1 
 52761.943       6.16      8.30     30.96  2 
 52764.742      11.18      9.11     26.68  1 
 52772.567       0.12      9.24     40.85  1 
 52776.540      10.27      9.23     21.59  2 
 52779.668     -10.04     12.17     62.52  1 
 52783.376       4.62      9.88     29.69  2 
 52786.440      -3.50      8.54     35.22  1 
 52790.543       4.63      8.41     32.69  2 
 52793.475      10.27      8.95     28.54  1 
 52796.529       8.92      8.57     33.38  2 
 52823.623       4.06      8.29     37.61  2 
 52826.486       7.97      9.66     32.67  1 
 52829.473       3.36     10.33     36.79  2 
 52833.387      -1.25      9.44     41.25  1 
 52836.372      13.57      8.69     26.29  2 
 52839.369      -2.63     10.00     37.89  1 
 52843.273       8.15     10.08     33.82  2 
 52846.405      -5.46      9.36     40.08  1 
 52849.590      -0.36      8.66     41.07  2 
 52853.505      15.02      9.76     23.07  1 
 52857.676       6.21     11.26     34.86  2 
 52861.791       1.74      9.49     36.33  1 
 52865.565      -2.76      8.21     34.41  2 
 52868.495      14.54     10.08     25.72  1 
 52871.546      18.61     10.06     27.24  2 
 52874.345      10.52      9.43     28.97  1 
 52879.366       1.21      8.60     35.56  2 
 52883.349      19.75      9.35     26.17  1 
 52886.332       2.65     10.68     31.97  2 
 52889.198      13.16     10.12     26.36  1 
 52892.246      15.23      9.64     23.19  2 
 52895.177      13.35      9.21     29.09  1 
 52898.819      -2.48      8.73     37.17  2 
 52901.291      16.11      9.18     23.02  1 
 52905.462       5.77     10.00     27.01  2 
 52909.379      13.16      9.03     24.24  1 
 52912.628       7.72     11.07     39.76  2 
 52916.477       7.70     12.60     26.89  1 
 52919.526       6.54      8.98     31.25  2 
 52923.245      13.26     12.61     25.76  1 
 52927.214       6.18      8.52     31.19  2 
 52930.078       9.57      9.19     32.51  1 
 52934.111       3.02     11.04     30.16  2 
 52937.108       3.28     12.23     33.90  1 
 52941.140       2.58      8.82     36.20  2 
 52945.057      -6.73      9.08     56.24  1 
 53042.620       2.00      8.43     36.39  2 
 53045.812       4.52      8.69     29.97  1 
 53049.910      12.25      8.72     29.76  2 
 53052.838      -0.98     12.27     36.84  1 
 53056.480       4.09      8.47     32.90  2 
 53059.210       7.09      8.88     31.81  1 
 53063.244      -1.39     11.00     38.16  2 
 53066.960       7.39      9.19     32.85  1 
 53070.139     -13.89     10.51     43.42  2 
 53074.050      26.42     10.61     48.59  1 
 53077.031      -2.23      7.91     38.29  2 
 53079.958      20.80     20.62     26.95  1 
 53083.792       7.07      9.28     30.05  2 
 53087.704      -6.56     11.74     44.44  1 
 53091.537       7.62      8.18     26.14  2 
 53095.514      -2.38      9.06     41.82  1 
 53098.691      10.07      8.71     32.34  2 
 53102.276      -7.33      8.56     39.96  1 
 53106.835      -4.40      8.35     35.91  2 
 53110.813       9.05      8.86     26.90  1 
 53113.929     -11.70      9.50     43.01  2 
 53116.854      12.58      8.90     28.38  1 
 53120.033      12.92      9.28     26.65  2 
 53123.746      14.65     12.06     25.66  1 
 53127.710      -1.23      8.84     40.27  2 
 53131.818      15.96      9.40     22.80  1 
 53134.536      15.64      8.28     23.74  2 
 53137.658       6.52      8.92     31.86  1 
 53140.507       3.25      9.24     59.20  2 
 53143.433      16.58     11.66     25.18  1 
 53147.397      11.75      9.31     28.51  2 
 53150.389      -8.50     11.34     36.97  1 
 53154.591       2.76      8.77     33.44  1 
 53157.706      -7.02      8.47     40.42  2 
 53189.471      15.48      8.38     30.35  2 
 53193.183       3.81     12.21     32.00  1 
 53197.213       9.29     10.74     33.60  2 
 53200.137       9.70     10.00     43.62  1 
 53204.497      -5.33      8.24     39.26  2 
 53207.489      18.54      9.98     26.73  1 
 53214.514       9.74     12.24     25.68  1 
 53218.611       9.00      8.42     28.09  2 
 53222.587      20.73      9.89     20.82  1 
 53225.697      10.95      9.60     28.09  2 
 53229.541      -3.41      9.77     35.00  1 
 53233.308      -2.05      8.39     43.82  2 
 53236.430      -3.40     12.59     35.98  1 
 53239.408       8.26     12.59     28.29  2 
 53243.319       8.68      9.12     32.52  1 
 53247.280       6.21      9.57     28.39  2 
 53250.207      -0.16      9.22     29.51  1 
 53254.287      -2.63     13.96     33.76  2 
 53257.294      11.63     12.67     29.54  1 
 53260.473       2.09      8.36     34.27  2 
 53264.384      12.81     12.27     24.18  1 
 53267.496      10.91      8.30     26.46  2 
 53270.684      -0.10     12.73     42.62  1 
 53274.385      -9.46      9.46     43.84  2 
 53277.506       3.42      9.25     29.62  1 
 53281.272       1.97      8.25     32.46  2 
 53285.378      -1.51     12.86     38.63  1 
 53289.078      -7.24     10.96     36.25  2 
 53292.135       3.18     12.49     35.39  1 
 53295.112      15.33     12.16     43.60  2 
 53298.103       5.30      9.62     31.43  1 
 53301.801      -9.65      8.26     48.41  2 
 53304.073       5.65      9.48     24.66  1 
 53307.708      -3.31      8.18     39.32  2 
 53412.948      -3.13      8.96     38.29  1 
 53417.043      10.98      9.27     26.25  2 
 53419.966      27.61     12.35     21.19  1 
 53423.076      -4.40      8.43     37.98  2 
 53426.916      14.06      8.84     25.28  1 
 53430.878       7.66      9.70     28.63  2 
 53433.800       0.71      8.98     35.55  1 
 53437.760     -10.20      8.30     43.85  2 
 53445.626       6.02      9.33     29.89  2 
 53448.485       9.78      9.06     31.53  1 
 53452.706       9.96     10.69     33.97  2 
 53455.629      -2.79      8.69     34.69  1 
 53459.394       5.51      9.70     25.32  2 
 53462.778      24.58     20.43     22.86  1 
 53469.205       2.18      8.76     34.88  1 
 53471.988      16.63      8.85     27.50  2 
 53475.893       9.37      8.79     23.69  1 
 53479.789       9.64     10.16     83.04  2 
 53482.907       5.70     12.45     33.76  1 
 53486.867       2.81      8.24     32.69  2 
 53489.724       9.13     11.72     25.47  1 
 53493.487       9.87      9.17     28.25  2 
 53497.392       1.87      8.71     34.23  1 
 53501.351      11.11     11.23     28.50  2 
 53508.299       6.24      8.49     31.61  2 
 53510.567       8.10     19.41     23.26  1 
 53514.072      12.43      9.90     27.37  2 
 53518.765       5.96      9.09     32.54  1 
 53521.912      25.97      9.32     20.86  1 
 53554.381      -2.52     12.25     33.49  2 
 53558.351      -0.11     18.88     38.50  1 
 53561.986       1.15     10.48     35.43  2 
 53565.039      -6.47      8.75     42.36  1 
 53569.658      -9.05     15.69    197.83  2 
 53572.579       8.08      9.63     23.55  1 
 53575.817      -0.41     11.15     36.26  2 
 53579.526      20.96     13.42     37.23  1 
 53582.502      11.26     10.86     24.85  2 
 53585.555       6.82     13.27     34.49  1 
 53589.578      13.51      8.52     29.97  2 
 53592.435      15.78     12.99     29.95  1 
 53598.267      11.93      9.75     26.08  1 
 53602.092       2.15      8.49     33.98  2 
 53605.147      -8.44     11.59     41.69  1 
 53609.301     -11.89     18.55     44.68  2 
 53613.340      10.96     12.07     24.42  1 
 53616.648       4.16      8.69     34.42  2 
 53620.421      12.39      9.72     27.43  1 
 53624.512      -8.13     11.06     42.82  2 
 53627.630      35.94     13.06     18.33  1 
 53631.392       7.08     11.14     32.36  2 
 53634.511      12.77     12.23     23.20  1 
 53638.271       7.55      8.28     28.67  2 
 53642.111      26.24      9.39     17.62  1 
 53646.068      -1.76      8.78     48.33  2 
 53652.160       0.91     10.36     33.71  2 
 53659.224      -3.80     13.75     40.52  2 
 53666.383       2.53     10.75     33.56  2 
 53670.486       3.45     12.53     32.72  1 
 53673.397      13.51      8.41     22.70  2 
 53775.081       5.93      8.89     45.03  2 
 53778.198       0.86     12.11     37.96  1 
 53781.042     -15.85      8.69     67.69  2 
 53784.944     -12.85     12.29     56.10  1 
 53787.854     -26.88     18.38     63.13  2 
 53791.822      12.72     12.34     36.85  1 
 53794.797       5.52     11.57     40.21  2 
 53798.830      -3.97     20.32     45.75  1 
 53801.803     -13.59     11.77     55.17  2 
 53805.707       3.43     19.98     39.26  1 
 53809.728      -0.33     19.75     50.43  2 
 53812.388       5.88     20.05     37.36  1 
 53816.872       2.14     18.61     37.51  2 
 53819.794      27.18     20.47     18.89  1 
 53822.903     -16.03     10.23     48.94  2 
 53826.215     -22.95     19.34     53.40  1 
 53829.911      -2.92     11.27     45.79  2 
 53833.813      -3.70     12.25     39.54  1 
 53836.853     -23.98     16.84     57.16  2 
 53840.690      -5.68      8.65     41.32  1 
 53844.842       2.00     10.11     37.38  2 
 53847.763     -13.98      8.41     47.72  1 
 53851.457      -7.63     11.65     51.21  2 
 53854.443       8.29      8.99     33.08  1 
 53858.593       3.37     14.08     86.46  2 
 53861.516       4.98      9.61     58.17  1 
 53864.358     -23.01     10.31     46.98  2 
 53868.722       1.14     19.14     36.93  1 
 53875.734     -14.17     11.44     42.96  1 
 53878.776      -3.58     11.88     45.58  2 
 53881.891      19.09     12.55     21.21  1 
 53884.931       1.63     11.02     36.39  2 
 53887.850      33.47     13.43     14.10  1 
 53890.760      11.96      8.64     35.33  2 
 53893.510      -5.74     11.58     43.13  2 
 53918.594      34.24     11.54      9.27  2 
 53923.641       6.82     11.17     31.41  2 
 53927.607      14.53     12.73     29.39  1 
 53930.648      -3.94     10.82     41.40  2 
 53933.632      20.34     13.16     22.21  1 
 53937.522      -8.73     11.38     44.94  2 
 53941.555       1.91     12.95     43.24  1 
 53945.511      24.84     13.79     20.47  2 
 53949.478      23.51     13.02      9.79  1 
 53952.385     -18.18     11.26     52.19  2 
 53958.343       6.41     11.99     31.64  2 
 53962.181      -2.52     12.60     43.07  1 
 53965.350       6.34     11.93     39.75  2 
 53969.387       6.99     12.22     24.80  1 
 53972.495      -1.04     12.00     42.08  2 
 53975.480       6.19     13.02     38.29  1 
 53980.487      -4.71     11.50     45.31  2 
 53983.602       9.60     13.00     36.47  1 
 53987.624      -6.11     10.42     37.44  2 
 53991.394       1.57     12.76     36.66  1 
 53995.217      -8.82     12.28     63.61  2 
 53998.334     -13.40     12.14     47.60  1 
 54002.158      10.81     12.45     34.82  2 
 54008.049      27.41     12.17     24.80  2 
 54011.101     -15.89     11.66     38.37  1 
 54015.776       4.94     11.69     38.56  2 
 54019.812       9.28     13.19     33.00  1 
 54022.789      17.90     12.17     29.44  2 
 54026.298      -8.28     12.72     47.28  1 
 54029.403       4.46     12.06     30.65  2 
 54032.258      -1.46     12.88     46.45  1 
 54035.362      -4.47     11.02     40.19  2 
 54038.347       4.38     12.70     32.58  1 
 54139.180       6.65     12.85     29.34  1 
 54142.153      -0.09     10.97     35.37  2 
 54145.857      -6.00     11.98     34.68  1 
 54148.961       5.17     10.88     22.27  2 
 54152.665      -3.69     12.08     32.83  1 
 54155.701       6.84     11.95     32.42  2 
 54162.574      27.35     12.49     28.03  2 
 54166.411     -10.34     12.33     50.43  1 
 54170.432      13.73     11.83     31.71  2 
 54174.205       3.23     12.43     35.24  1 
 54178.032      19.61     12.29     27.89  2 
 54180.885      11.84     13.06     31.58  1 
 54184.120      17.70     11.45     17.06  2 
 54188.085      11.41     12.50     22.42  1 
 54190.993       6.46     11.14     27.55  2 
 54194.696       5.69     12.29     23.43  1 
 54197.734       5.25      7.95     28.12  2 
 54201.569     -14.53     11.80     43.06  1 
 54204.737       3.06     11.37     32.34  2 
 54208.441     -19.44     11.42     37.84  1 
 54212.394      19.49     12.39     31.43  2 
 54216.296      20.75     13.29     20.23  1 
 54219.661      30.99     11.78     14.05  2 
 54222.713      -6.73     12.15     40.66  1 
 54225.885      -6.04     11.14     33.65  2 
 54229.851     -12.18     11.68     44.10  1 
 54232.957      20.40     11.66     17.65  2 
 54236.725       5.20     12.26     28.58  1 
 54240.746      16.21     11.77     30.22  2 
 54243.728      17.73     13.11     23.79  1 
 54247.551       3.10     11.65     40.95  2 
 54251.582      25.25     12.79     18.96  1 
 54255.602     -13.76     10.89     41.78  2 
 54283.690      -7.47     10.53     38.02  2 
 54289.550      10.48     13.19     32.87  1 
 54292.655       8.58     11.20     35.04  2 
 54296.422      34.68     13.89     15.91  1 
 54299.394      16.57     11.82     27.73  2 
 54302.312       6.74     12.20     28.00  1 
 54305.283       2.06     11.44     33.89  2 
 54308.202      -5.93     11.69     33.69  1 
 54312.088      -0.41     11.78     37.89  2 
 54316.055       9.36     12.93     30.18  1 
 54319.353       2.98     11.67     36.34  2 
 54322.473      23.43     13.40     24.63  1 
 54325.512      12.03     11.70     34.30  2 
 54329.478      14.66     13.31     30.07  1 
 54333.499      18.63     13.19     20.08  2 
 54336.483      12.92     12.95     32.45  1 
 54340.632       1.79     13.01     38.93  2 
 54344.336       0.82     12.23     26.36  1 
 54347.503      -4.39     13.84    122.07  2 
 54352.320      14.69     12.79     24.74  1 
 54356.337      23.23     11.82     19.43  2 
 54359.257      -8.57     11.52     33.82  1 
 54362.946      19.60     11.65     22.32  2 
 54366.193       1.03     12.38     31.48  1 
 54369.282       6.53     14.78     37.86  2 
 54372.216     -11.08     11.79     43.64  1 
 54379.353      11.65     12.66     21.75  1 
 54383.441     -24.29     10.66     51.71  2 
 54386.619      12.85     12.79     27.07  1 
 54390.508       8.06     10.98     26.60  2 
 54393.257      19.61     11.59     18.53  2 
 54397.352      12.10     13.14     33.14  1 
 54401.082      24.04     13.22     20.53  1 
 54404.250      -0.64     11.62     29.53  2 
 54504.749     -10.70     11.16     33.93  1 
 54508.700       3.88     11.62     36.56  2 
 54511.684      13.88     12.81     28.26  1 
 54518.423       5.22     12.71     35.40  1 
 54521.906      12.27     14.43     32.81  2 
 54525.296     -17.32     11.94     47.90  1 
 54528.991       2.69     11.42     33.14  2 
 54532.891      18.10     12.62     21.01  1 
 54536.256      35.62     12.10      8.38  2 
 54540.155      -3.09     12.75     38.32  1 
 54543.060      10.29     11.91     31.13  2 
 54546.763     -13.35     12.43     48.75  1 
 54550.715      25.62     12.11     16.43  2 
 54553.764      11.78     12.95     32.94  1 
 54556.603      15.50     12.03     29.08  2 
 54560.503      -6.83     11.94     41.86  1 
 54564.453      19.33     12.38     27.92  2 
 54568.615      25.31     13.12     15.07  1 
 54571.650      32.38     13.12     26.60  2 
 54575.290      18.97     13.15     25.67  1 
 54578.853      -0.37     11.46     34.03  2 
 54581.837      13.76     13.31     37.54  1 
 54584.811     -24.94     14.04    122.50  2 
 54588.775      28.81     12.38      6.21  1 
 54591.810      -3.09     10.18     47.60  2 
 54595.775       1.44     12.33     31.04  1 
 54598.747     -12.17     10.64     36.78  2 
 54602.645      -9.35     11.87     42.52  1 
 54606.466      19.24     11.36     21.47  2 
 54609.580      11.42     12.19     26.68  1 
 54613.465       7.21     12.04     33.91  2 
 54616.514      14.36     12.77     27.67  1 
 54620.204       4.33     11.67     38.45  2 
 54623.280      -2.23     11.35     38.21  2 
 54650.702      11.83     10.75     23.36  2 
 54653.421      -9.22     11.68     30.35  1 
 54656.393       1.05     10.61     33.62  2 
 54659.374     -10.24     12.23     50.87  1 
 54662.410      10.64     10.98     17.89  2 
 54665.261      -1.45     12.41     33.58  1 
 54669.394      -3.30     14.31     36.98  2 
 54672.392      13.57     13.00     31.00  1 
 54676.529       9.42     14.00     24.18  2 
 54679.462      20.33     13.25     22.03  1 
 54682.632      12.33     11.91     26.95  2 
 54686.858     -29.63     12.56     77.48  1 
 54691.531      20.48     11.72     19.68  2 
 54694.644     -21.67     11.78     44.46  1 
 54698.465      23.03     12.25     26.22  2 
 54705.268      -1.57     11.58     42.18  2 
 54708.316      33.04     13.26     14.76  1 
 54711.221       0.12     11.73     34.25  2 
 54715.185      -1.34     11.92     31.38  1 
 54719.200     -14.78     12.26     67.59  2 
 54723.166      69.93     16.21     28.97  1 
 54727.383       9.86     12.13     38.30  2 
 54730.366       4.89     12.69     27.97  1 
 54733.472       3.83     11.57     32.31  2 
 54737.369      -7.95     12.14     41.32  1 
 54740.408      22.43     11.72     15.65  2 
 54743.585      18.76     13.32     25.29  1 
 54747.276       2.74     11.12     33.71  2 
 54750.192     113.34     17.83     12.55  1 
 54753.162      39.99     13.43     39.69  2 
 54757.126      11.20     12.69     27.39  1 
 54761.077      -8.94     11.80     46.74  2 
 54764.976       6.31     12.91     31.85  1 
 54768.927       4.22     11.39     34.00  2 
 54870.764      -4.74     12.08     38.20  1 
 54873.798       5.00     11.50     32.41  2 
 54876.848       6.46     11.80     19.26  1 
 54880.017       5.59     11.56     24.25  2 
 54884.310      -0.47     12.64     41.94  1 
 54887.282       4.97     11.74     31.03  2 
 54890.264      27.04     13.69     29.66  1 
 54894.019      19.83     11.47     16.50  2 
 54896.085      14.59     12.91     25.03  1 
 54900.102       1.20     11.31     34.14  2 
 54905.701       1.90     12.65     37.77  1 
 54908.866      -2.24     11.09     38.61  2 
 54911.653       3.10     12.68     44.19  1 
 54914.686      -1.72     11.75     31.82  2 
 54918.651       3.10     12.48     37.25  1 
 54922.665      37.38     13.28     29.93  2 
 54925.649      13.74     12.76     25.75  1 
 54929.799     -14.61     11.88     55.28  2 
 54933.830      -7.95     12.32     39.10  1 
 54936.934      26.18     11.58     13.56  2 
 54939.785     -14.11     12.74     56.77  1 
 54942.887     -13.50     10.34     36.06  2 
 54947.830      40.61     14.50     23.92  1 
 54951.715      12.63     12.35     34.96  2 
 54954.632     -15.68     23.36    440.94  1 
 54958.582      25.71     11.96     23.16  2 
 54961.696       9.56     12.60     32.77  1 
 54965.644       2.42     11.79     39.16  2 
 54968.562      -3.84     11.75     33.06  1 
 54971.582       6.03     14.31     34.02  2 
 54975.496      16.56     12.47     21.15  1 
 54979.696       9.29     14.43     29.43  2 
 54982.628      17.75     12.81     22.33  1 
 54985.733     -10.72     11.37     45.93  2 
 54989.789       0.74     10.97     32.19  2 
 55014.512     -19.20     10.04     47.27  2 
 55017.426      -0.47     12.23     31.77  1 
 55020.332      -7.75     10.55     39.32  2 
 55025.339      17.83     12.39     17.41  1 
 55028.576       7.88     11.80     29.49  2 
 55031.490      15.95     13.09     22.99  1 
 55034.660       9.74     11.55     28.43  2 
 55038.558      -1.34     12.43     32.96  1 
 55042.641      82.28     14.47     19.05  2 
 55045.491      34.83     13.67     15.26  1 
 55048.527      -3.81     10.90     34.14  2 
 55052.555     -28.71     11.84     59.23  1 
 55055.394      -8.25     11.02     40.56  2 
 55058.376      -0.92     12.46     34.52  1 
 55061.410      19.50     11.96     23.96  2 
 55064.196      -2.78     12.13     30.82  1 
 55067.360      -3.14     11.23     35.56  2 
 55071.258      -2.76     12.28     36.76  1 
 55074.292      -1.29     11.54     36.94  2 
 55078.257      22.36     13.18     18.93  1 
 55081.424      -0.08     12.12     39.59  2 
 55085.717     -36.90     13.23    105.41  1 
 55088.624      16.00     15.15    108.87  2 
 55092.652       4.61     12.56     29.54  1 
 55106.189       2.67     12.69     36.15  1 
 55110.140      -2.76     11.68     43.42  2 
 55113.253       9.00     12.84     30.09  1 
 55116.222      24.55     12.17     19.53  2 
 55124.133      16.22     11.30     16.34  2 
 55127.770      -2.30     12.42     38.05  1 
 55134.183      -0.25     12.23     29.18  1 
 55235.358      -3.98     12.46     42.72  1 
 55238.395      -0.73     11.87     35.98  2 
 55241.115      27.31     13.20     17.84  1 
 55244.282      28.66     12.25     17.34  2 
 55249.158      23.84     13.20     15.52  1 
 55252.128      -2.33     11.64     38.23  2 
 55254.846      -2.35     12.48     34.97  1 
 55257.815      -4.37     11.31     37.36  2 
 55261.712      -3.75     11.95     35.38  1 
 55264.680      11.47     11.60     22.97  2 
 55268.773      -3.45     12.13     39.01  1 
 55271.740     -12.72     11.71     41.78  2 
 55275.637      -7.99     11.84     41.02  1 
 55279.717       6.54     11.21     25.74  2 
 55282.765     -12.25     11.77     34.60  1 
 55286.326     -23.61     11.03     53.47  2 
 55290.878      17.23     13.17     30.09  1 
 55293.914      24.28     12.19     21.44  2 
 55296.959      11.77     12.65     21.44  1 
 55299.863       3.61     11.55     37.08  2 
 55306.857      -8.94     11.13     41.35  2 
 55310.557      24.23     12.91     13.74  1 
 55313.786     -16.15     11.07     48.11  2 
 55317.421      10.38     12.92     34.13  1 
 55320.388      17.74     10.87     13.72  2 
 55324.480      33.82     13.38     11.82  1 
 55327.578      15.63     11.83     26.43  2 
 55331.607      30.56     13.23     18.65  1 
 55335.756      19.69     11.47     17.48  2 
 55339.718     -21.32     11.53     47.31  1 
 55342.755      15.70     11.44     21.35  2 
 55345.669     -14.86     11.44     37.88  1 
 55348.835       6.86     11.73     33.49  2 
 55354.587       5.95     11.45     30.80  2 
 55383.614      -9.69     10.33     38.52  2 
 55387.574      15.59     12.79     19.05  1 
 55391.723      13.45     10.72     20.19  2 
 55395.616     -20.22     14.09     93.22  1 
 55398.586      15.66     11.67     22.76  2 
 55402.741      14.43     12.88     19.84  1 
 55406.560       8.91     12.03     39.92  2 
 55408.560       6.60     13.78     48.85  1 
 55411.395       5.37     11.51     33.00  2 
 55415.422       6.58     12.87     33.05  1 
 55418.193       1.78     11.35     29.89  2 
 55422.285      -1.44     12.01     29.88  1 
 55425.315      -0.48     11.65     35.81  2 
 55429.278      20.08     12.64     20.21  1 
 55432.512      -5.37     11.83     43.82  2 
 55436.406      22.41     14.03     29.52  1 
 55439.899     -12.67     11.62     56.58  2 
 55444.646       7.53     13.30     39.13  1 
 55447.483       4.59     11.41     28.06  2 
 55450.398     -16.78     11.86     44.72  1 
 55453.561      29.70     15.85     90.94  2 
 55457.260       5.51     12.34     27.13  1 
 55460.227     -10.65     13.98    105.85  2 
 55464.319      13.01     12.81     24.88  1 
 55468.265      -4.61     11.19     36.85  2 
 55471.181      13.91     12.86     29.32  1 
 55478.108     -18.13     11.58     46.14  1 
 55482.321      10.21     11.82     32.06  2 
 55485.234      12.68     13.28     25.56  1 
 55488.532       3.69     11.44     23.85  2 
 55491.643      15.27     12.74     24.86  1 
 55495.528      13.73     11.75     21.01  2 
 55499.225     -10.16     12.21     42.72  1 
 55600.061      19.79     12.79     19.93  1 
 55603.223      22.71     11.99     19.81  2 
 55607.117      40.23     13.79      9.49  1 
 55611.080      22.53     23.78     25.98  2 
 55614.696      31.53     13.45     19.17  1 
 55618.705      16.99     12.23     27.93  2 
 55629.589      35.76     14.00     23.03  1 
 55633.863       7.08     11.81     31.85  2 
 55636.843       2.00     12.42     34.14  1 
 55640.334      -0.46     11.42     34.28  2 
 55643.903      13.47     12.79     22.86  1 
 55647.066      13.41     12.14     29.54  2 
 55650.827       1.46     12.64     35.78  1 
 55654.054      19.99     12.01     29.45  2 
 55657.751      16.95     12.64     23.32  1 
 55661.890      21.79     11.84     15.07  2 
 55664.608      19.00     12.95     20.76  1 
 55668.551      14.72     11.28     21.71  2 
 55671.661      21.76     12.98     20.81  1 
 55675.473      26.05     12.15     21.26  2 
 55678.582      -3.16     11.82     34.96  1 
 55681.611       4.93     11.59     30.93  2 
 55685.245      22.24     13.24     19.50  1 
 55689.847      12.15     11.76     27.87  2 
 55692.760       6.20     12.65     35.50  1 
 55696.837      20.77     11.85     20.25  2 
 55700.728       8.68     12.19     26.97  1 
 55703.744       2.59     13.77     32.03  2 
 55706.865       4.36     12.41     28.51  1 
 55710.613      16.14     11.51     18.80  2 
 55713.721       6.49     12.37     32.40  1 
 55716.425      10.62     12.45     32.36  2 
 55719.623       5.95     11.58     31.63  2 
 55744.703      -2.37     10.48     29.96  2 
 55750.616      -0.07     12.90     40.32  1 
 55754.561      -1.59     10.67     37.27  2 
 55759.429      27.61     14.00     21.67  1 
 55762.588      11.96     11.28     26.54  2 
 55767.393      19.98     13.42     28.30  1 
 55769.441      16.28     12.10     28.23  2 
 55773.137      27.60     13.47     15.37  1 
 55780.187      14.50     13.10     24.88  1 
 55783.413      18.97     11.78     20.77  2 
 55790.532      21.02     11.70     17.11  2 
 55797.519      -6.85     10.73     28.00  2 
 55801.475      -2.86     11.98     32.44  1 
 55804.634       8.33     11.77     31.48  2 
 55808.394       1.34     12.77     34.49  1 
 55811.487       1.82     11.41     27.43  2 
 55818.339     -11.09     10.85     41.86  2 
 55822.034       5.36     12.85     34.28  1 
 55825.256      -2.95     11.03     30.90  2 
 55829.147       8.78     12.52     25.91  1 
 55832.240       8.65     11.77     33.43  2 
 55836.262       0.50     12.69     34.93  1 
 55839.357      -2.22     11.69     43.25  2 
 55843.444     -21.64     11.11     46.11  1 
 55846.669      12.15     11.96     31.44  2 
 55850.362       5.45     12.65     28.11  1 
 55857.212      10.97     12.19     19.62  1 
 55860.369      16.40     11.51     21.06  2 
 55864.126      15.25     13.09     26.10  1 
