; SOURCE: XTE J1817-155
; SOURCE RA:       274.402     SOURCE DEC:      -15.5077
; CREATION DATE: Fri Nov  4 01:45:33 2011
; DATE(MJD) RATE ERROR BKG SCANTYPE EBAND
 53147.568       5.02      4.99     25.48  5 
 53151.568       4.72      7.85     24.95  6 
 53158.199      -4.20      6.18     27.57  6 
 53162.733      -2.54      5.04     28.03  5 
 53166.798       2.74      8.22     26.65  6 
 53216.942       1.82      4.74     25.05  5 
 53220.482      10.98      5.99     24.74  6 
 53224.750      -2.84      4.74     24.75  5 
 53227.699      13.87      6.27     23.57  6 
 53231.573      -0.30      4.81     24.53  5 
 53234.261      -1.62      6.03     26.18  6 
 53238.463       2.64      4.76     25.07  5 
 53242.265       3.80      6.09     25.96  6 
 53245.351      -0.71      4.59     25.78  5 
 53248.301       3.66      6.01     25.87  6 
 53252.306       2.71      4.78     25.60  5 
 53256.307      -8.51     12.21     29.19  6 
 53260.643       4.98      4.63     24.33  5 
 53264.774      -1.16      5.84     25.02  6 
 53267.664      -0.05      4.77     24.79  5 
 53271.335      -0.88      7.22     26.83  6 
 53275.603       8.04      6.58     23.88  5 
 53278.551       8.57     13.41     28.07  6 
 53282.228       1.14      4.79     25.11  5 
 53285.177      -0.89      7.96     25.58  6 
 53288.329      -6.51      6.02     26.31  5 
 53291.213       1.15      6.09     24.42  6 
 53295.938       5.59      4.93     24.06  5 
 53298.887      -1.64      8.28     27.76  6 
 53301.973       2.76      4.83     23.09  5 
 53304.726       9.34      6.16     25.19  6 
 53307.879      -5.36      4.89     25.62  5 
 53311.355      11.17      6.24     26.68  6 
 53314.638      -6.23      5.96     26.59  5 
 53413.994      -2.57      6.05     27.65  6 
 53418.064       2.98      6.31     26.63  5 
 53421.011       9.25     12.73     26.70  6 
 53423.965       6.03      4.79     23.79  5 
 53427.239       7.45      8.17     28.11  6 
 53431.112       4.73      6.71     25.99  5 
 53435.042      12.05      6.45     24.62  6 
 53439.700      -1.07      3.92     26.64  5 
 53442.712       6.13      8.17     27.21  6 
 53446.517      -5.71      6.10     26.92  5 
 53449.791       6.82      6.30     26.10  6 
 53453.728      -1.38      4.59     25.99  5 
 53456.544       5.34      6.11     25.64  6 
 53460.286       2.65      4.81     25.49  5 
 53463.824       1.76      8.06     26.20  6 
 53466.976      -4.89      4.64     27.65  5 
 53469.988       6.17      5.94     26.14  6 
 53474.187      -4.56      6.41     26.98  5 
 53477.789      -2.50      6.05     24.99  6 
 53481.791      -4.19      4.84     28.10  5 
 53484.737       3.68      7.95     25.62  6 
 53487.757       6.58      4.94     25.20  5 
 53491.490      -5.58      8.68     28.17  6 
 53495.425      -3.75      4.74     26.80  5 
 53499.485      -3.38      5.98     26.29  6 
 53502.635      -2.95      4.71     27.31  5 
 53506.171      -7.28      7.99     27.68  6 
 53509.716     -10.89      5.04     27.76  5 
 53512.728      -1.23      8.09     26.87  6 
 53516.732      -7.50      6.12     28.31  5 
 53519.744       6.08      6.30     27.65  6 
 53522.829      -3.63      4.84     25.34  5 
 53578.738       3.61      6.29     25.21  5 
 53581.487       6.10      5.98     25.01  6 
 53584.505      -6.38      6.19     24.83  5 
 53590.468       1.30      4.85     25.10  5 
 53593.480      19.03      8.43     24.11  6 
 53596.300       4.88      6.26     24.55  5 
 53600.360       7.17      5.92     24.54  6 
 53603.115      -1.00      5.08     24.55  5 
 53607.175      12.80      6.10     25.02  6 
 53614.386       9.14     13.54     26.13  6 
 53617.471       4.06      6.27     25.13  5 
 53621.467       4.67      7.63     25.33  6 
 53623.436       6.89      6.23     23.52  5 
 53626.512       8.80      7.85     25.14  6 
 53633.589       9.56      8.06     25.04  6 
 53636.344      -5.26      6.40     27.19  5 
 53640.338       7.79      6.42     26.78  6 
 53643.223      -1.28      5.95     24.45  5 
 53647.087      13.46      8.24     23.71  6 
 53650.955      -8.99     10.57     26.82  5 
 53658.228      -0.54      5.99     24.66  5 
 53661.894      -0.71     13.94     27.25  6 
 53665.307       6.86      6.28     24.70  5 
 53668.319       0.43      7.98     27.21  6 
 53672.451       3.85      5.96     25.08  5 
 53676.380       3.56      7.70     25.70  6 
 53678.608      14.21     13.31     24.87  6 
 53681.493       1.42      6.76     25.03  5 
 53778.983       2.24      6.62     25.90  5 
 53782.975       5.32      8.04     27.00  6 
 53786.188      -4.48      6.30     25.47  5 
 53792.935       5.28     10.87     28.32  5 
 53796.796       3.95      8.10     26.27  6 
 53799.878       0.27     10.55     26.69  5 
 53802.821      -5.25      7.72     29.89  6 
 53806.820      -5.71     10.49     29.25  5 
 53810.747       0.37     12.38     25.82  6 
 53813.830      -9.80      6.17     29.29  5 
 53817.889      -4.80      7.68     26.65  6 
 53821.236       6.06     10.49     28.38  5 
 53827.983      -1.50      6.30     26.91  5 
 53831.844      -0.41     12.91     26.87  6 
 53835.057      -9.48      6.47     26.80  5 
 53837.804      -4.34     13.66     27.63  6 
 53841.737      -9.89      6.24     27.65  5 
 53845.598     -12.68      8.14     28.69  6 
 53848.810      -0.06      6.62     25.50  5 
 53852.671       5.51      6.07     25.84  6 
 53855.490       5.33      6.95     26.51  5 
 53859.613      -8.12      8.28     30.07  6 
 53862.696      -6.76      4.65     27.44  5 
 53865.705       4.80      6.19     28.42  6 
 53869.248     -10.68      6.08     26.66  5 
 53876.782      -3.43      6.66     28.31  5 
 53879.725      10.88      8.14     20.86  6 
 53883.003       3.43      6.70     24.38  5 
 53885.881      -8.89      8.06     27.72  6 
 53888.569     -10.18      6.43     29.06  5 
 53892.692       2.64      8.70     24.97  6 
 53895.708     -14.17      6.38     28.38  5 
 53898.651      -4.81      8.30     26.35  6 
 53944.566       0.93      6.18     23.45  5 
 53948.492       0.60      7.94     24.92  6 
 53951.508       2.64      6.31     25.16  5 
 53955.434       7.70      9.02     24.88  6 
 53958.121      -2.47      6.46     28.83  5 
 53962.375       0.31      8.09     27.56  6 
 53966.898       5.49      6.59     24.72  5 
 53970.432      37.88      9.29     20.34  6 
 53973.908       4.33      6.56     24.85  5 
 53976.525      -5.87      7.83     27.70  6 
 53981.439      12.63      6.87     23.59  5 
 53984.448      -0.85      7.94     26.88  6 
 53988.642      -0.78      6.50     25.49  5 
 53992.371       2.66      8.35     27.24  6 
 53996.303      -3.56      6.29     26.49  5 
 53999.313       7.20      8.22     24.84  6 
 54003.047      -0.86      6.40     26.11  5 
 54006.973      -3.48      8.09     27.44  6 
 54010.249      -0.19      6.35     24.07  5 
 54013.194      -8.29      7.89     28.01  6 
 54016.410       8.74      7.00     24.20  5 
 54020.268      14.29      8.65     21.21  6 
 54023.416      -1.31      6.31     25.60  5 
 54030.358      -5.98      6.28     25.46  5 
 54033.301      12.51      8.83     26.71  6 
 54036.251       7.04      6.90     24.04  5 
 54039.390       2.12      8.45     27.47  6 
 54042.144     -10.72      6.29     26.47  5 
 54045.087       2.20      8.28     26.38  6 
 54144.155       6.82      6.94     24.63  5 
 54146.900      -2.80      7.96     25.78  6 
 54149.981       1.43      6.70     25.39  5 
 54153.643      -4.88      7.89     28.27  6 
 54156.789       2.39      6.64     26.50  5 
 54159.730      -4.05      8.25     29.36  6 
 54163.859     -14.35      5.96     28.11  5 
 54166.605       3.52      8.28     24.76  6 
 54170.931      10.95      6.95     21.27  5 
 54173.939       1.06      8.13     22.14  6 
 54177.152      -6.41      6.31     25.90  5 
 54181.273      14.77      8.63     27.28  6 
 54184.877      -6.01      6.43     28.83  5 
 54188.866     -11.81      7.95     28.19  6 
 54191.881       2.76      6.73     25.04  5 
 54198.623      -2.75      6.45     26.82  5 
 54202.547      10.50      8.58     27.09  6 
 54205.626      -5.47      6.05     24.18  5 
 54209.419      -7.58      7.96     26.45  6 
 54213.481       5.71      6.68     24.76  5 
 54216.685       4.38      8.38     29.29  6 
 54220.159       2.37      6.52     24.60  5 
 54223.757       6.90      8.50     25.38  6 
 54226.839     -13.68      6.18     26.78  5 
 54230.764      12.62      8.37     24.57  6 
 54233.778       9.15      6.82     25.63  5 
 54241.698      -7.20      6.45     26.42  5 
 54244.575       0.65      7.76     22.00  6 
 54247.785      -8.45      6.39     28.53  5 
 54250.662       3.98      8.41     25.45  6 
 54254.461      -9.98      6.38     29.25  5 
 54257.403      -3.14      8.18     26.25  6 
 54261.529     -10.02      6.61     28.43  5 
 54265.519       3.26      8.89     26.08  6 
 54309.245      16.69      8.61     26.10  6 
 54313.044       5.08      6.61     24.73  5 
 54316.968      18.09      8.68     25.76  6 
 54320.508       6.02      6.67     23.18  5 
 54324.891      18.00      8.61     25.10  6 
 54328.495      31.01      7.55     24.43  5 
 54331.503      34.50      9.00     20.80  6 
 54334.779      16.02      6.92     24.43  5 
 54338.441      10.04      8.50     27.28  6 
 54341.585      32.63      7.71     23.17  5 
 54344.528      63.20     10.46     25.05  6 
 54348.327      59.32      8.70     27.62  5 
 54351.465      59.72     10.24     25.14  6 
 54354.217      67.76      8.68     23.94  5 
 54361.285      39.31      7.97     25.89  5 
 54367.240       9.04      6.83     26.02  5 
 54371.296      23.27      8.80     22.28  6 
 54374.901       2.94      6.49     25.85  5 
 54378.367      16.97      8.70     25.47  6 
 54382.429      -4.48      6.25     27.74  5 
 54386.353      -6.74      8.08     27.01  6 
 54390.283       3.76      6.67     22.72  5 
 54394.206      19.30      8.45     22.36  6 
 54398.333     -12.58      6.23     27.87  5 
 54402.125      -0.30      8.10     28.14  6 
 54405.204       2.94      6.52     24.29  5 
 54408.930      -0.22      8.20     26.04  6 
 54412.074       1.36      6.57     27.96  5 
 54507.954       0.47      6.48     25.95  5 
 54510.895      23.51      8.82     21.51  6 
 54513.646       7.85      6.87     23.53  5 
 54517.635      -7.03      7.94     24.72  6 
 54520.910       7.72      6.64     23.05  5 
 54524.376      -1.97      8.08     24.66  6 
 54527.981       3.39      6.86     27.22  5 
 54530.988       3.46      7.87     24.05  6 
 54534.002      -6.78      6.28     27.63  5 
 54537.271      13.14      8.46     25.08  6 
 54541.135      -5.95      6.38     24.57  5 
 54544.141      24.11      9.25     27.13  6 
 54547.743      -1.36      7.00     33.43  5 
 54550.946       4.82      9.05     33.27  6 
 54554.613      -9.19      6.58     36.06  5 
 54558.536       9.02      9.04     34.08  6 
 54561.745     -12.47      6.34     34.86  5 
 54565.405       3.04      8.21     25.48  6 
 54569.727      -8.83      6.51     30.15  5 
 54572.735      -1.26      8.23     29.53  6 
 54576.797       1.11      6.98     25.97  5 
 54579.804     -10.97      8.02     30.75  6 
 54583.800      -7.10      6.43     26.17  5 
 54587.069       9.14      8.23     24.43  6 
 54590.081     -11.20      6.42     27.89  5 
 54593.742       9.12      8.29     22.17  6 
 54597.867      -2.19      6.90     29.40  5 
 54600.612      10.69      8.63     24.19  6 
 54604.476      10.43      6.68     22.56  5 
 54607.678      -8.79      8.23     28.11  6 
 54610.625     -10.81      6.04     26.77  5 
 54614.417       2.91      8.64     26.89  6 
 54617.627       8.15      7.04     24.88  5 
 54621.287       8.26      8.45     24.50  6 
 54624.694      11.06      7.20     22.27  5 
 54627.963     -15.02      7.76     25.30  6 
 54631.697      -1.28      6.76     25.58  5 
 54674.484       8.42      8.56     24.39  6 
 54678.545      19.37      7.00     23.87  5 
 54681.553      18.93      8.96     24.76  6 
 54684.894       7.13      6.37     23.94  5 
 54688.489      -1.57      7.74     24.43  6 
 54692.484       0.20      6.61     26.31  5 
 54695.489      10.09      8.37     24.71  6 
 54699.418       4.57      6.81     24.48  5 
 54702.555      -1.12      8.08     23.01  6 
 54706.221      -0.58      6.27     22.61  5 
 54709.424      -4.63      7.99     24.92  6 
 54713.156       9.53      6.72     25.00  5 
 54716.947      13.58      8.57     24.34  6 
 54720.287      -2.15      6.50     26.09  5 
 54724.014       5.89      8.22     23.68  6 
 54726.963       2.29      6.74     26.34  5 
 54730.624       6.83      8.43     24.68  6 
 54734.751       5.68      6.41     23.61  5 
 54737.757      -4.99      7.73     26.01  6 
 54740.705      -5.36      6.37     28.02  5 
 54745.412       7.42      8.25     23.92  6 
 54748.359       4.06      6.49     23.49  5 
 54751.169      -4.60      8.29     28.19  6 
 54754.181      10.32      6.83     22.59  5 
 54758.103       5.80      8.16     22.97  6 
 54762.096      11.33      6.90     24.80  5 
 54765.953       6.10      8.60     28.57  6 
 54769.816      -5.39      6.64     26.34  5 
 54773.149      22.02      8.74     22.43  6 
 54776.687       4.28      6.54     25.26  5 
 54878.350      11.79      8.46     25.11  6 
 54881.495     -12.01      6.10     27.97  5 
 54888.169       7.32      6.73     24.97  5 
 54892.025       7.01      8.44     25.65  6 
 54895.887       2.62      6.54     24.51  5 
 54897.847      12.19      8.73     27.72  6 
 54900.794      -1.69      6.64     27.95  5 
 54906.746      -7.82      6.06     24.75  5 
 54910.602      -1.04      8.16     25.08  6 
 54913.744       7.09      6.89     23.82  5 
 54917.600       0.42      8.19     25.12  6 
 54920.742      -3.62      6.18     23.18  5 
 54924.731      19.58      8.79     23.31  6 
 54928.856      -3.62      6.69     25.09  5 
 54931.863       9.31      8.34     22.05  6 
 54934.876      -2.11      6.34     25.82  5 
 54938.210      11.95      8.72     25.35  6 
 54941.876      -3.67      6.09     24.57  5 
 54945.798      -0.34      8.00     23.97  6 
 54955.612      -2.23      6.74     28.10  5 
 54959.468     -11.46      8.05     29.03  6 
 54962.741      -2.31      6.68     26.62  5 
 54966.662       6.27      8.37     24.79  6 
 54969.608      -2.95      6.37     27.79  5 
 54973.530       8.69      8.61     26.86  6 
 54976.674       0.66      6.81     27.04  5 
 54980.728      16.54      8.73     22.78  6 
 54984.722       5.00      6.93     25.13  5 
 54987.729      -7.06      8.43     25.11  6 
 54991.068      -1.73      6.45     25.35  5 
 54994.793       5.66      9.15     28.80  6 
 54997.608      -4.00      6.98     27.77  5 
 55040.585      26.30      7.59     27.55  5 
 55044.571      12.23      8.81     33.67  6 
 55047.583      16.29      7.39     29.17  5 
 55050.523      11.56      8.79     30.32  6 
 55053.600       0.30      6.73     28.56  5 
 55057.521      26.75      9.10     23.76  6 
 55062.298      -1.67      6.37     25.30  5 
 55065.108      -7.34      7.85     27.71  6 
 55068.380      14.27      6.88     25.17  5 
 55072.301       9.49      8.58     27.52  6 
 55076.360      -7.92      6.35     27.41  5 
 55080.414      20.72      9.00     24.93  6 
 55083.427       0.02      6.63     24.55  5 
 55087.414       3.33      8.32     26.08  6 
 55093.367      13.37      8.63     24.47  6 
 55107.297      20.49      8.74     20.84  6 
 55111.159       5.13      6.54     25.95  5 
 55115.014       2.04      8.34     27.07  6 
 55118.222       3.50      6.44     24.25  5 
 55121.161       1.58      8.06     27.68  6 
 55125.154     -10.69      6.01     26.67  5 
 55135.684      18.95      8.44     21.40  6 
 55138.370      -2.15      6.36     25.27  5 
 55141.310      -0.38      7.89     26.58  6 
 55239.152      -4.94      6.31     26.11  5 
 55242.353       4.89      8.26     26.01  6 
 55250.135      21.38      9.11     25.65  6 
 55253.145       0.79      6.73     24.94  5 
 55256.085      13.69      8.60     24.39  6 
 55267.661       7.61      6.82     25.28  5 
 55270.665       4.24      7.95     24.77  6 
 55274.787      -3.40      6.57     28.11  5 
 55281.850       9.26      6.76     24.58  5 
 55285.837      11.87      8.49     24.49  6 
 55288.326       6.59      6.49     24.10  5 
 55292.181      16.08      8.94     24.78  6 
 55295.976       9.73      6.87     27.48  5 
 55298.785      18.53      8.79     23.02  6 
 55309.705       8.88      6.97     24.55  5 
 55312.841      10.75      8.59     25.05  6 
 55316.504     -11.76      5.91     26.09  5 
 55319.378      -7.30      8.04     29.12  6 
 55330.692      14.14      7.02     25.51  5 
 55334.678     -13.64      7.66     27.47  6 
 55337.755      -5.01      6.34     24.46  5 
 55340.760      -4.52      7.83     23.45  6 
 55344.948     -14.73      6.18     30.20  5 
 55352.662     -11.96      6.30     27.33  5 
 55355.666      13.39      8.84     24.46  6 
 55358.610       3.10      6.78     24.96  5 
 55361.419      16.81      8.98     23.67  6 
 55405.682       7.08      6.68     24.03  5 
 55409.605      -4.90      6.28     28.78  5 
 55413.457      14.52      8.57     24.25  6 
 55417.382       1.36      6.40     23.95  5 
 55420.189      19.81      8.87     24.94  6 
 55423.330       2.81      6.54     24.57  5 
 55426.334       3.73      8.32     25.26  6 
 55430.913      12.21      6.85     23.57  5 
 55433.394       0.45      8.16     26.41  6 
 55437.453     -11.29      5.80     23.92  5 
 55441.438       2.14      8.18     25.84  6 
 55445.429      11.77      7.03     25.12  5 
 55448.432       3.80      8.08     23.86  6 
 55451.508      14.92      6.82     23.29  5 
 55454.446       0.82      8.16     26.55  6 
 55458.240       3.32      6.30     22.62  5 
 55461.174       6.94      8.50     23.93  6 
 55465.364       9.94      6.74     23.80  5 
 55469.216       0.55      7.99     26.69  6 
 55472.944      -0.22      6.30     23.51  5 
 55475.882     -12.05      7.28     25.08  6 
 55479.219     -14.67      5.71     24.40  5 
 55486.346       5.46      6.70     25.32  5 
 55489.351       9.03      8.80     27.74  6 
 55496.280       5.80      7.89     24.13  6 
 55500.270      -2.09      5.94     22.45  5 
 55503.469      -3.32      7.94     24.68  6 
 55507.392      -0.73      6.61     27.16  5 
 55605.153      10.86      8.47     24.98  6 
 55608.945      -5.70      6.25     24.80  5 
 55615.740      -8.12      6.32     27.63  5 
 55619.656      -4.28      8.15     29.79  6 
 55621.881       2.90      6.44     24.77  5 
 55628.805      -4.47      6.09     24.21  5 
 55632.787       3.49      8.53     29.39  6 
 55635.929       6.40      6.97     25.30  5 
 55639.912       7.81      8.38     24.38  6 
 55642.922      10.53      7.05     28.82  5 
 55646.903      -5.76      7.67     24.73  6 
 55649.911      -4.68      6.23     25.45  5 
 55653.109       3.01      8.30     26.82  6 
 55656.769     -13.39      5.82     25.67  5 
 55663.824       0.63      6.52     25.44  5 
 55667.543     -15.51      7.39     26.08  6 
 55670.746       1.41      6.35     26.33  5 
 55674.400      13.69      8.50     21.08  6 
 55677.668      -8.01      6.12     26.66  5 
 55682.302       6.81      8.53     26.81  6 
 55686.226       8.88      6.69     22.25  5 
 55688.770      11.35      8.43     23.73  6 
 55691.779      -7.58      6.29     23.98  5 
 55695.760       3.84      8.12     27.35  6 
 55698.832       4.40      6.66     24.59  5 
 55702.682      -0.42      8.17     27.18  6 
 55705.754      -0.23      6.49     24.02  5 
 55709.603       4.08      8.29     26.17  6 
 55712.805     -10.62      6.28     26.15  5 
 55717.439       4.97      8.68     27.92  6 
 55720.575      -2.64      6.51     25.68  5 
 55724.228       4.75      8.79     27.32  6 
 55727.430      -0.00      6.71     25.43  5 
 55770.458      -0.84      7.78     23.23  6 
 55774.442       9.68      6.55     22.32  5 
 55779.335      -0.51      7.82     25.87  6 
 55781.427      -1.10      5.97     23.16  5 
 55785.474      -5.05      7.74     27.51  6 
 55795.467      -1.32      6.43     26.58  5 
 55799.446      14.73      8.42     24.14  6 
 55802.648       7.75      6.64     22.91  5 
 55806.365     -11.15      7.97     28.99  6 
 55809.371       0.98      6.44     22.37  5 
 55813.219      10.32      8.41     23.61  6 
 55823.273       7.45      6.50     23.42  5 
 55827.251      14.44      8.59     25.37  6 
 55834.301      11.64      8.25     24.65  6 
 55837.830       2.90      6.19     22.49  5 
 55841.807     -10.42      7.55     23.55  6 
 55844.749      12.20      6.77     23.37  5 
 55848.399      19.22      8.44     23.20  6 
 55856.228       5.78      8.25     24.40  6 
 55859.233      -2.09      6.30     24.15  5 
 55862.426       8.32      8.39     24.88  6 
 55865.364       4.61      6.58     24.68  5 
 55869.079      19.40      9.31     24.56  6 
