; SOURCE: XTE J1734-234
; SOURCE RA:       263.528     SOURCE DEC:      -23.3552
; CREATION DATE: Fri Nov  4 01:45:13 2011
; DATE(MJD) RATE ERROR BKG SCANTYPE EBAND
 51214.872       2.37      0.45      4.06  1 
 51217.803      -0.71      0.90      5.79  1 
 51220.734       2.13      0.91      3.60  1 
 51224.799      -1.03      0.80      5.15  1 
 51227.730      -1.89      0.81      6.77  1 
 51231.669       0.95      2.44      3.55  2 
 51234.793      -0.67      0.74      4.74  1 
 51238.469       4.31      2.57      3.44  2 
 51241.325       0.22      0.89      3.94  1 
 51245.337       0.14      2.73      4.55  2 
 51248.191      -0.09      0.81      4.62  1 
 51252.199       0.28      2.60      5.94  2 
 51255.853       0.98      0.95      4.04  1 
 51259.993      -5.61      2.31     10.98  2 
 51262.781      -0.36      0.78      5.64  1 
 51265.854      -3.58      2.36      9.30  2 
 51269.775       1.97      0.84      4.72  1 
 51273.781       2.61      2.76      5.06  2 
 51276.570       0.23      0.77      5.49  1 
 51280.508      -0.37      2.62      6.58  2 
 51283.497       0.06      1.01      4.91  1 
 51287.437      -3.55      2.50      5.52  2 
 51290.227       2.00      0.85      3.83  1 
 51294.304       1.69      2.70      7.54  2 
 51297.825       1.46      1.02      5.12  1 
 51301.034      -1.29      3.73      3.28  2 
 51303.955      -1.06      1.03      5.92  1 
 51308.960       3.51      3.52      5.59  2 
 51311.681       2.91      0.92      4.67  1 
 51313.889      -1.05      2.56      8.26  2 
 51318.675      -0.61      0.95      5.13  1 
 51322.614      -6.09      3.07      8.75  2 
 51325.469       2.11      1.13      3.92  1 
 51328.607      -1.66      3.65      6.73  2 
 51332.394      -0.13      0.95      5.27  1 
 51336.332      -6.88      2.88     11.04  2 
 51338.455      -1.88      1.21      6.37  1 
 51364.647       1.67      5.06      2.73  2 
 51367.633      -0.28      1.06      6.08  1 
 51370.574       4.93      2.81      3.13  2 
 51374.492       0.77      1.03      4.59  1 
 51377.498      -2.29      2.77      5.03  2 
 51381.812       0.88      1.17      5.40  1 
 51385.950      -5.00      2.91      8.78  2 
 51389.275       0.62      1.04      4.60  1 
 51392.147       2.67      2.94      4.71  2 
 51396.402       1.19      1.16      4.77  1 
 51399.612      13.38      3.84      1.52  2 
 51402.598      18.36      1.28      6.66  1 
 51405.607      14.02      3.32      5.90  2 
 51408.526       5.59      1.21      9.38  1 
 51411.733      12.51      3.19      4.18  2 
 51415.584       9.04      1.25      4.20  1 
 51420.521      12.37      2.66      4.74  2 
 51423.441       2.12      1.10      6.23  1 
 51427.312       0.90      3.05      6.19  2 
 51430.232       7.13      1.10      3.46  1 
 51433.171       5.44      3.17      4.80  2 
 51436.025       3.29      1.07      3.92  1 
 51441.158       3.18      3.05      2.90  2 
 51444.879       1.57      1.05      4.92  1 
 51448.418       0.83      3.02      5.06  2 
 51452.739       2.11      1.10      4.58  1 
 51455.681      -4.45      2.33      4.88  2 
 51463.403      -2.17      2.90      4.92  2 
 51470.394      -0.63      2.67      9.15  2 
 51472.247       2.03      1.09      3.49  1 
 51475.385       0.39      2.98      5.75  2 
 51478.105      -1.62      1.13      5.72  1 
 51481.242      -0.62      2.32      4.52  2 
 51484.162       2.95      1.09      3.37  1 
 51580.923       0.68      0.97      4.71  1 
 51584.857       2.19      2.94      3.18  2 
 51587.908      -0.11      1.09      4.94  1 
 51591.841       1.55      2.90      3.90  2 
 51594.759      -0.54      0.92      5.00  1 
 51598.825       0.98      2.46      4.85  2 
 51602.407       2.01      0.91      3.14  1 
 51605.478       2.01      2.77      5.32  2 
 51610.925       1.12      0.95      5.06  1 
 51615.061      -1.86      3.49      3.79  2 
 51618.111       1.05      0.90      4.21  1 
 51623.108       1.99      3.31      4.91  2 
 51626.823      -0.43      0.92      5.35  1 
 51629.890      -0.15      4.57      4.60  2 
 51633.737      -0.10      0.89      4.55  1 
 51636.805       2.61      2.81      5.34  2 
 51641.583       1.84      0.90      4.26  1 
 51645.580       2.71      2.87      4.90  2 
 51649.426       2.10      0.93      3.62  0 
 51653.423       5.89      2.83      2.96  2 
 51656.274       1.64      0.89      3.58  1 
 51660.807      -1.55      2.29      3.91  2 
 51664.122       1.48      0.90      4.04  1 
 51667.857       5.41      2.89      2.54  2 
 51671.768       1.53      0.83      4.21  1 
 51677.683       0.14      1.18      5.68  1 
 51683.741       3.13      4.91      6.01  2 
 51687.652      -2.37      1.57      7.62  1 
 51690.718      -5.17      3.70      8.44  2 
 51694.430       0.59      1.27      6.35  1 
 51697.428      -3.38      5.25      8.15  2 
 51702.270       2.58      1.69      4.76  1 
 51727.736       3.40      5.12      3.61  2 
 51731.646       1.97      1.79      4.89  1 
 51739.552      -1.12      1.70      5.78  1 
 51743.547       0.08      5.61      7.01  2 
 51747.257       2.63      1.75      3.98  1 
 51751.451       8.72      5.70      3.43  2 
 51755.294       3.21      1.86      3.80  1 
 51759.489       1.64      3.68      4.22  2 
 51763.400      -0.89      2.91      5.88  1 
 51767.531      -2.04      5.11      3.66  2 
 51771.574       0.60      1.70      5.32  1 
 51775.703       3.04      7.62      6.13  2 
 51779.546      -0.52      1.87      5.98  1 
 51783.473      -2.63      6.88      8.37  2 
 51787.314      -0.63      1.73      5.80  1 
 51791.509       8.69      5.12      2.21  2 
 51803.120       1.75      1.71      4.84  1 
 51807.179      -6.04      4.99      6.89  2 
 51811.951       2.23      1.83      4.55  1 
 51815.881      -2.41      4.43      2.93  2 
 51819.724       2.58      1.77      4.51  1 
 51823.589       4.57      5.18      3.42  2 
 51827.562       1.34      1.04      5.30  1 
 51831.355       5.71      6.99      4.24  2 
 51835.329      -1.46      1.82      6.91  1 
 51839.387       8.81      6.78      2.12  2 
 51843.228       0.56      1.83      5.27  1 
 51847.221     -11.90      5.86     10.83  2 
 51947.086       1.06      3.90      5.45  2 
 51949.928      -0.08      1.20      5.52  1 
 51953.982      -2.43      8.52      8.38  2 
 51956.824      -0.37      1.56      5.61  1 
 51960.810       2.34      3.92      5.01  2 
 51963.587       1.30      1.25      4.87  1 
 51967.839       2.81      3.89      5.66  2 
 51971.414       1.44      1.14      4.47  1 
 51975.336       0.65      3.72      4.05  2 
 51977.916      -1.01      1.23      5.53  1 
 51982.039       6.74      5.19      2.22  2 
 51986.075       1.39      1.24      4.64  1 
 51989.929      -5.62      6.50      9.03  2 
 51993.898       0.40      1.61      5.39  1 
 51996.824      -4.14      5.75      7.70  2 
 51999.864      -1.86      1.60      6.33  1 
 52002.923      -3.20      4.78      7.11  2 
 52007.487       0.81      1.20      4.80  1 
 52011.737       6.58      5.63      1.88  2 
 52014.446      -0.67      1.57      5.47  1 
 52017.437       1.89      3.50      3.50  2 
 52020.609       1.01      1.52      4.67  1 
 52024.932      -0.44      4.60      5.70  2 
 52027.771       0.46      1.51      4.85  1 
 52031.098       2.41      4.87      4.16  2 
 52034.998       0.32      1.54      5.68  1 
 52037.923       8.17      6.44      4.22  2 
 52040.962       1.29      1.65      4.58  1 
 52043.821       3.17      5.02      5.33  2 
 52047.854       2.44      1.64      4.40  1 
 52051.839       1.74      3.58      5.72  2 
 52055.673      -0.02      1.54      5.72  1 
 52059.655      -3.62      6.54      6.74  2 
 52062.496      -2.01      2.29      6.81  1 
 52065.552       3.76      5.87      5.07  2 
 52090.870       3.45      5.33      3.87  2 
 52093.917      -3.55      4.88      5.32  2 
 52097.616      -0.69      1.28      4.75  1 
 52101.666      -6.95      6.04      7.50  2 
 52104.373      -1.13      1.60      5.71  1 
 52107.562      -1.80      4.82      6.94  2 
 52111.262       0.18      1.78      5.10  1 
 52115.377      -2.41      5.10      4.51  2 
 52119.276       4.20      1.76      2.88  1 
 52122.398       3.38      5.10      4.98  2 
 52125.105      -1.29      1.79      5.61  1 
 52129.556       5.43      4.87      2.82  2 
 52132.528      -0.09      1.69      4.69  1 
 52135.588       6.64      4.62      2.01  2 
 52139.619       1.44      1.72      4.84  1 
 52143.602       6.88      7.30      5.06  2 
 52146.573       2.59      1.40      3.64  1 
 52150.622       0.09      6.66      3.74  2 
 52153.527       0.13      1.76      5.45  1 
 52156.318      -7.63      5.24      8.97  2 
 52160.150       2.42      1.28      3.12  1 
 52163.337      -2.87      4.09      5.29  2 
 52167.036       0.97      1.28      4.59  1 
 52170.091       3.05      4.58      4.33  2 
 52173.857      -0.99      1.65      4.72  1 
 52177.905      -6.42      4.60      7.14  2 
 52182.268       0.98      1.66      4.45  1 
 52184.731      -4.67      4.70      6.89  2 
 52189.423       2.09      1.73      5.24  1 
 52192.611       0.44      5.02      3.96  2 
 52195.381      -0.07      1.73      5.28  1 
 52198.502       3.47      4.59      3.17  2 
 52202.198      -0.41      1.65      5.35  1 
 52205.385       1.71      4.51      5.26  2 
 52209.148      -1.92      1.59      5.09  1 
 52212.333      -0.68      4.58      5.60  2 
 52311.851       0.60      1.51      5.67  1 
 52315.031       3.26      4.78      3.49  2 
 52317.928       1.22      1.52      5.55  1 
 52322.692      -1.36      5.05      7.22  2 
 52325.523       2.00      1.63      4.60  1 
 52328.768      12.19      5.17      0.04  2 
 52331.732       2.52      1.60      4.32  1 
 52335.969      -0.21      5.19      7.41  2 
 52339.924       1.88      1.64      4.98  1 
 52343.173       2.22      5.19      6.85  2 
 52345.937       2.20      2.67      5.13  1 
 52351.032       1.79      4.84      3.99  2 
 52353.927       3.63      1.64      3.99  1 
 52357.964       3.74      3.71      5.34  2 
 52360.859       1.73      1.63      4.90  1 
 52363.905      -3.81      4.73      7.55  2 
 52367.591      -1.75      1.62      5.93  1 
 52384.363      -4.86      4.88      8.77  2 
 52387.259      -0.91      1.58      6.59  1 
 52390.373      -3.54      5.40     10.45  2 
 52393.796       2.71      1.66      4.89  1 
 52398.096      -0.27      5.62      7.73  2 
 52401.979      -1.03      1.71      6.81  1 
 52405.022      -5.29      7.21      9.28  2 
 52411.884       0.96      4.62      5.06  2 
 52414.778      -1.12      1.57      5.80  1 
 52422.363       0.24      1.22      5.47  1 
 52426.592       2.31      5.26      3.99  2 
 52430.475       0.90      1.57      5.15  1 
 52455.884       3.76      4.84      4.81  2 
 52462.741       2.74      4.50      4.21  2 
 52465.634       1.93      1.24      4.37  1 
 52468.610      -2.57      4.30      5.94  2 
 52472.491       0.32      1.53      5.07  1 
 52476.390      -1.66      3.62      5.95  2 
 52479.282       0.95      1.27      4.29  1 
 52486.405      -0.79      1.60      5.44  1 
 52490.107       1.35      4.61      5.40  2 
 52493.396      -2.81      1.64      7.27  1 
 52496.640       9.02      4.80      4.57  2 
 52500.521       2.53      1.59      4.42  1 
 52504.683       2.03      6.60      4.27  2 
 52507.641      -1.27      1.77      6.10  1 
 52510.616       0.47      6.31      5.14  2 
 52513.376       0.57      1.23      4.54  1 
 52516.352       1.84      4.79      4.66  2 
 52520.232       0.47      1.64      4.92  1 
 52524.393       3.69      5.00      6.22  2 
 52528.075       3.06      1.64      4.59  1 
 52532.301       1.19      5.15      6.46  2 
 52535.852       2.07      1.62      5.15  1 
 52539.287       6.14      4.74      4.71  2 
 52542.773       0.19      1.60      5.71  1 
 52546.477       0.37      4.53      5.76  2 
 52549.366       1.58      1.68      5.15  1 
 52552.606      -6.25      6.65      6.09  2 
 52556.484       0.50      1.66      4.78  1 
 52560.381      -4.67      6.01      6.03  2 
 52575.137      -3.84      3.52      5.08  2 
 52578.157      -1.39      1.22      6.02  1 
 52677.773       1.01      1.14      5.05  1 
 52680.808       7.09      3.82      3.74  2 
 52683.562       0.25      1.56      5.14  1 
 52686.729      -5.55      5.02      6.89  2 
 52689.747       1.93      1.52      4.36  1 
 52692.650       0.89      3.47      3.47  2 
 52695.341       1.54      1.13      3.67  1 
 52713.974      -1.86      4.86      5.64  2 
 52716.860      -1.28      1.19      6.35  1 
 52720.947       4.76      4.51      4.97  2 
 52723.832       1.98      1.14      5.35  1 
 52727.919       4.78      4.77      4.34  2 
 52730.672       1.98      1.45      4.16  1 
 52734.561       2.04      3.66      5.33  2 
 52737.644      -0.48      1.46      5.58  1 
 52741.663       6.86      5.08      6.11  2 
 52745.667       0.18      1.18      5.46  1 
 52747.849      -0.70      3.49      6.00  2 
 52751.787       1.28      1.51      4.51  1 
 52755.220       2.58      3.99      5.27  2 
 52758.827       2.41      1.20      3.91  1 
 52761.993       4.61      5.35      3.40  2 
 52764.746       0.45      1.15      4.73  1 
 52772.571       1.78      1.19      4.34  1 
 52776.590       1.06      6.19      3.46  2 
 52779.671       0.25      1.49      5.05  1 
 52783.428       0.01      3.65      5.39  2 
 52786.444       2.67      1.19      4.51  1 
 52790.594       2.59      4.19      6.91  2 
 52793.478      -0.52      1.21      6.07  1 
 52796.578       0.49      3.40      4.69  2 
 52823.672       4.10      3.56      4.86  2 
 52826.489       0.78      1.22      4.77  1 
 52829.522      -1.31      4.12      6.39  2 
 52833.391      -0.06      1.23      5.27  1 
 52836.423       3.74      3.71      5.30  2 
 52839.373       1.48      1.24      4.52  1 
 52843.325      -1.00      3.41      5.31  2 
 52846.408       1.93      1.33      4.36  1 
 52849.641       3.53      5.06      3.83  2 
 52853.509      -0.24      1.28      4.80  1 
 52857.729       4.16      4.99      5.44  2 
 52861.794       0.51      1.32      5.04  1 
 52865.615       4.08      5.06      3.48  2 
 52868.498       0.38      1.30      4.18  1 
 52871.596      -3.54      4.94      5.59  2 
 52874.348       0.37      1.22      4.90  1 
 52879.418       2.62      4.76      5.52  2 
 52883.352       1.57      1.17      4.49  1 
 52886.384      -1.95      3.97      6.12  2 
 52889.201       1.87      1.23      4.45  1 
 52892.298       3.31      5.17      5.94  2 
 52895.180       0.15      1.21      4.68  1 
 52898.871       4.62      4.38      6.81  2 
 52901.294       1.20      1.19      4.19  1 
 52905.514      -3.77      3.29      5.36  2 
 52909.382       0.54      1.21      4.89  1 
 52912.678       3.24      5.32      4.20  2 
 52916.480       1.47      1.73      5.11  1 
 52919.577      -3.21      6.35      6.62  2 
 52923.248       1.83      1.67      4.54  1 
 52927.265       0.03      5.37      5.33  2 
 52930.081      -0.49      1.18      4.78  1 
 52934.164       4.21      8.12      4.85  2 
 52937.111      -0.52      1.59      5.62  1 
 52941.192       2.27      3.62      4.06  2 
 52945.060       0.32      1.29      4.90  1 
 53042.673       6.46      3.80      4.30  2 
 53045.815       1.86      1.18      4.56  1 
 53049.963       1.66      3.52      5.14  2 
 53052.841       1.44      1.53      5.04  1 
 53056.532       1.33      3.86      6.38  2 
 53059.214       2.55      1.20      3.96  1 
 53063.295       6.36      7.47      6.21  2 
 53066.963       1.07      1.18      4.20  1 
 53070.189       6.38      6.95      3.38  2 
 53074.053       4.40      1.34      3.34  1 
 53077.082       3.59      5.06      4.65  2 
 53079.961       1.31      2.56      6.48  1 
 53083.844      -6.86      4.75      8.71  2 
 53087.707       0.70      1.51      5.14  1 
 53091.589      -3.15      3.69      6.43  2 
 53095.518       1.67      1.24      4.61  1 
 53098.742       2.71      3.68      4.86  2 
 53102.279       2.04      1.19      3.75  1 
 53106.887       7.92      3.76      1.87  2 
 53110.816       1.44      1.15      3.84  1 
 53113.978      -6.30      4.74      7.63  2 
 53116.857      -0.31      1.19      5.41  1 
 53120.083      12.38      7.04      0.58  2 
 53123.749      -2.13      1.63      6.21  1 
 53127.761       0.09      5.00      4.47  2 
 53131.821       1.51      1.15      4.95  1 
 53134.586      -7.46      4.84      6.44  2 
 53137.662      -1.24      1.16      5.53  1 
 53140.559      -2.71      3.77      5.34  2 
 53143.437       0.49      1.53      4.89  1 
 53147.449       5.22      4.87      2.64  2 
 53150.393       0.99      1.64      5.24  1 
 53154.594       1.05      1.18      4.71  1 
 53157.757       4.09      3.36      3.26  2 
 53189.521       0.19      3.71      4.86  2 
 53193.186       2.16      1.64      4.63  1 
 53197.262       6.91      4.60      6.28  2 
 53200.141       2.18      1.35      4.71  1 
 53204.550       2.23      3.52      5.15  2 
 53207.493       0.34      1.31      4.05  1 
 53214.518       0.99      1.70      5.55  1 
 53218.662     -10.01      5.46      8.76  2 
 53222.590      -1.24      1.38      6.19  1 
 53225.748      -1.50      5.45      7.14  2 
 53229.544       3.54      1.58      4.02  1 
 53233.359       6.31      5.16      2.81  2 
 53236.434      -0.24      1.68      6.21  1 
 53239.461       7.05      9.32      4.91  2 
 53243.322      -2.20      1.26      7.10  1 
 53247.332       3.23      4.17      9.65  2 
 53254.352       6.11      5.12     10.59  2 
 53257.298       0.47      2.07     10.53  1 
 53260.525       0.28      3.67      7.83  2 
 53264.387       0.93      1.96      9.32  1 
 53267.547       7.00      5.86      8.17  2 
 53270.687      -0.43      1.93      8.74  1 
 53274.436       6.34      5.22      2.99  2 
 53277.509       3.33      1.38      5.29  1 
 53281.323      -8.74      5.34     11.17  2 
 53285.382       2.83      1.80      5.49  1 
 53289.130      -2.38      4.93      6.39  2 
 53292.138       0.38      1.73      5.98  1 
 53295.164      -4.89      5.39      8.26  2 
 53298.107      -0.27      1.27      6.73  1 
 53304.076       0.68      1.27      5.25  1 
 53307.760      -0.49      3.19      5.38  2 
 53412.951      -0.01      1.14      4.96  1 
 53417.094       0.61      5.90      3.81  2 
 53419.970      -0.55      1.48      5.49  1 
 53423.127      -0.48      4.63      5.93  2 
 53426.920       2.56      1.20      4.35  1 
 53430.928       8.33      4.69      4.39  2 
 53433.803       3.17      1.20      4.46  1 
 53437.811      -6.28      4.63      5.98  2 
 53445.678       1.11      4.78      3.38  2 
 53448.488      -0.64      1.17      6.22  1 
 53452.757       0.49      3.83      5.81  2 
 53455.632       1.52      1.20      5.42  1 
 53459.446       5.41      3.41      4.08  2 
 53462.781       2.99      2.49      4.68  1 
 53469.209       0.41      1.19      5.46  1 
 53472.038       7.60      5.09      2.52  2 
 53475.896       1.83      1.27      4.62  1 
 53479.838       3.02      4.52      2.71  2 
 53482.910       1.42      1.64      4.85  1 
 53486.917       1.42      4.39      5.42  2 
 53489.727       1.76      1.45      4.49  1 
 53493.538       3.58      4.57      2.59  2 
 53497.396      -0.15      1.17      4.88  1 
 53501.402      -3.89      4.52      5.71  2 
 53508.351       2.70      3.25      3.67  2 
 53510.571       4.13      2.46      4.66  1 
 53514.123       1.58      3.30      4.68  2 
 53518.769       0.15      1.18      5.35  1 
 53521.915       0.62      1.16      5.57  1 
 53554.431       1.56      8.02      5.40  2 
 53558.354       2.72      2.80      4.94  1 
 53562.035       4.04      4.18      4.22  2 
 53565.042       3.51      1.14      3.67  1 
 53569.708       4.57      5.93      4.14  2 
 53572.582       0.74      1.22      4.65  1 
 53575.868       1.01      6.77      5.10  2 
 53579.529       0.69      1.62      4.82  1 
 53582.552      -2.41      5.95      5.30  2 
 53585.558       1.62      1.62      4.40  1 
 53589.629      -0.47      4.48      4.71  2 
 53592.439      -0.38      1.60      5.40  1 
 53598.271       2.39      1.21      4.49  1 
 53602.145       0.56      3.37      4.64  2 
 53605.150      -0.69      1.65      5.32  1 
 53609.353      -1.27      7.96      6.71  2 
 53613.344       0.63      1.68      4.79  1 
 53616.699       3.18      5.45      3.66  2 
 53620.425       3.99      1.34      2.83  1 
 53624.563       0.95      7.03      3.15  2 
 53627.634      -2.30      1.76      7.21  1 
 53631.443      -0.41      7.14      5.56  2 
 53634.514       3.92      1.82      3.67  1 
 53638.322      20.39      7.38      0.21  2 
 53642.114       1.35      1.25      4.41  1 
 53646.121       0.00      3.85      4.60  2 
 53649.125       1.66      1.28      4.48  1 
 53652.212       3.95      4.13      3.95  2 
 53659.290       2.45      4.82      6.91  2 
 53666.436       8.88      4.79      1.36  2 
 53670.489       2.05      1.72      4.02  1 
 53673.448      -1.31      5.28      4.10  2 
 53775.131       0.10      5.21      5.26  2 
 53778.201       1.71      1.64      4.41  1 
 53781.093       1.13      4.93      4.49  2 
 53784.948      -2.17      1.66      6.56  1 
 53787.904       0.59     10.95      7.51  2 
 53791.825       1.55      1.60      5.34  1 
 53794.847       2.64      6.96      5.17  2 
 53798.834       0.89      2.56      6.06  1 
 53801.855       1.05      5.20      5.11  2 
 53805.710      -1.61      2.59      7.27  1 
 53809.780       4.57      8.62      7.99  2 
 53812.391      -2.13      2.45      6.72  1 
 53816.923      -1.57      8.15     10.27  2 
 53819.797       0.83      2.67      5.80  1 
 53822.954      -4.32      4.87      7.52  2 
 53826.219       2.00      2.59      5.43  1 
 53829.962       7.09     10.85      8.39  2 
 53833.816      -1.26      1.63      6.22  1 
 53836.904      -2.95     10.74      6.00  2 
 53840.694      -0.16      1.11      5.42  1 
 53844.893      -6.42      4.44      5.98  2 
 53847.766      -0.15      1.17      5.65  1 
 53851.509       4.59      5.08      3.11  2 
 53854.446      -1.80      1.13      4.81  1 
 53858.646      -0.97      4.76      3.99  2 
 53861.519       1.42      1.14      3.56  1 
 53864.410       2.67      4.65      2.58  2 
 53868.725      -0.26      2.61      6.66  1 
 53875.737       1.93      1.57      4.50  1 
 53878.825      -0.45      6.77      5.77  2 
 53881.894       0.92      1.60      4.24  1 
 53884.981      10.00      6.44      1.82  2 
 53887.854       0.46      1.49      4.21  1 
 53890.809      -1.40      4.37      5.99  2 
 53893.559      -5.95      5.43      6.99  2 
 53918.645      -2.25      4.67      8.86  2 
 53923.691      -0.33      4.57      6.10  2 
 53927.610      -1.18      1.67      4.43  1 
 53930.698       0.75      5.98      3.87  2 
 53933.635      -2.03      1.68      5.35  1 
 53937.573       2.05      6.63      4.42  2 
 53941.559       0.43      1.70      4.85  1 
 53945.561      -0.41     11.28      7.79  2 
 53949.482       4.60      1.64      2.34  1 
 53952.437       7.21      5.27      6.85  2 
 53958.395       1.94      4.96      2.93  2 
 53962.184       0.90      1.86      4.86  1 
 53965.403      -1.23      4.39      2.31  2 
 53969.390       0.96      1.82      4.27  1 
 53972.547      -6.86      4.62      8.24  2 
 53975.484       2.04      0.99      4.05  1 
 53980.537      -1.16      7.24      4.08  2 
 53983.605      -0.84      1.85      5.24  1 
 53987.674       1.86      6.94      2.79  2 
 53991.397      -1.16      1.80      5.04  1 
 53995.268      -3.08      6.85      2.59  2 
 53998.337       1.81      1.69      3.16  1 
 54002.210      -3.71      4.80      3.25  2 
 54005.081      -3.99      2.30      7.44  1 
 54008.102      11.47      5.26      2.60  2 
 54011.105       4.33      1.79      3.20  1 
 54015.829       2.07      4.95      4.80  2 
 54019.816       2.00      1.75      3.67  1 
 54022.841      -3.56      4.58      3.62  2 
 54026.302       0.03      1.83      5.27  1 
 54029.455       9.00      7.42      1.18  2 
 54032.262       5.28      1.73      2.77  1 
 54035.413       2.98      7.51      4.25  2 
 54038.350      -2.38      1.82      5.42  1 
 54139.184       1.17      1.61      5.14  1 
 54142.204      11.16      6.37      0.26  2 
 54145.861      -1.55      1.52      6.08  1 
 54149.011      -0.88      6.51      5.13  2 
 54152.668       2.25      1.55      3.90  1 
 54155.754     -11.24      4.39      6.19  2 
 54162.626      -7.55      4.41      5.29  2 
 54166.414       2.50      1.50      4.44  1 
 54170.484       0.58      4.42      1.90  2 
 54174.208       3.59      1.57      4.37  1 
 54178.082     -11.81      6.05      8.55  2 
 54180.888      -0.21      1.54      4.96  1 
 54184.170      -0.08      6.50      4.12  2 
 54188.089       0.88      1.63      5.89  1 
 54191.043       3.31      6.13      3.49  2 
 54194.700       0.95      1.48      5.07  1 
 54197.784      -0.27      5.54      3.57  2 
 54201.573       2.01      1.48      4.13  1 
 54204.789      -3.81      4.48      4.52  2 
 54208.445      -0.85      1.47      5.30  1 
 54212.446      -1.23      4.64      4.60  2 
 54216.299      -0.03      1.49      4.98  1 
 54219.713      -2.69      4.64      5.07  2 
 54222.716      -1.17      1.48      4.17  1 
 54225.937       2.12      3.93      4.17  2 
 54229.855      -1.41      1.48      5.38  1 
 54233.006       1.19      6.13      2.99  2 
 54236.728      -0.24      1.56      5.76  1 
 54240.796      -1.53      6.12      6.95  2 
 54243.732      -1.32      1.48      5.55  1 
 54247.602       3.24      5.76      4.37  2 
 54251.585      -0.73      1.44      5.73  1 
 54255.652       2.32      4.64      4.21  2 
 54283.738       0.14      6.27      2.06  2 
 54289.553      -0.91      1.61      4.61  1 
 54292.704       1.56      5.86      4.71  2 
 54296.425       1.68      1.59      3.33  1 
 54299.444      -2.79      6.02      6.63  2 
 54302.316       0.52      1.64      4.67  1 
 54305.335       4.53      4.66      3.85  2 
 54308.205       2.40      1.61      3.62  1 
 54312.141      -7.82      4.34      7.42  2 
 54316.058       1.41      1.62      3.42  1 
 54319.406       8.49      4.98      6.31  2 
 54322.476       1.14      1.68      4.40  1 
 54325.563       2.08      4.55      0.70  2 
 54329.482       5.91      1.63      2.23  1 
 54333.550       9.57     11.91      5.92  2 
 54336.486       2.11      1.71      5.34  1 
 54340.683      -7.06     10.13      6.25  2 
 54344.339      -0.22      1.65      4.98  1 
 54347.554       5.89      6.42      4.13  2 
 54352.323       3.28      1.64      4.04  1 
 54356.390      -2.50      4.49      5.31  2 
 54359.260      -0.66      1.64      4.84  1 
 54362.999      -1.70      4.43      4.11  2 
 54366.196       2.80      1.65      3.52  1 
 54369.348       0.75      4.82      5.40  2 
 54372.219       0.33      1.68      4.77  1 
 54379.357       4.59      1.70      3.41  1 
 54383.491       6.16      7.02      3.03  2 
 54386.623       3.12      1.62      2.84  1 
 54390.559       5.86      6.61      3.88  2 
 54393.307       4.37      6.47      3.15  2 
 54397.355       4.93      1.73      4.49  1 
 54401.085       5.33      1.69      4.10  1 
 54404.300       3.62      6.58      3.86  2 
 54504.752      -0.29      1.41      4.76  1 
 54508.752       6.41      4.80      0.52  2 
 54511.687       2.09      1.46      3.74  1 
 54518.426       0.45      1.42      4.61  1 
 54521.972      -1.58      4.45      2.72  2 
 54525.299       1.36      1.45      4.32  1 
 54529.043       2.26      4.71      6.50  2 
 54532.894       1.17      1.56      4.55  1 
 54536.306      -3.88      5.91      4.34  2 
 54540.158      -0.79      1.48      4.40  1 
 54543.111       0.36      5.81      6.21  2 
 54546.766      -2.39      1.44      5.51  1 
 54550.766      14.40      6.32      3.39  2 
 54553.767       3.23      1.45      4.11  1 
 54556.655       4.56      4.67      4.67  2 
 54560.506      -0.38      1.49      6.09  1 
 54564.505       3.84      4.64      6.82  2 
 54568.619       1.83      1.46      4.08  1 
 54571.703       1.22      4.32      5.17  2 
 54575.294       3.51      1.42      3.03  1 
 54578.906       0.99      4.55      5.88  2 
 54581.841       1.87      1.46      4.29  1 
 54584.861       5.98      6.18      4.65  2 
 54588.778       0.76      1.46      4.31  1 
 54591.862      -0.63      9.98     11.05  2 
 54595.778      -0.83      1.44      4.71  1 
 54598.797      -2.06      5.42      5.35  2 
 54602.648       0.57      1.40      4.56  1 
 54606.516       5.55      6.27      3.25  2 
 54609.583       1.84      1.47      5.33  1 
 54613.517       0.67      4.41      0.97  2 
 54616.517       1.33      1.40      4.24  1 
 54620.255       0.70      4.35      5.41  2 
 54623.331       0.33      4.17      4.86  2 
 54650.751      -3.68      6.28      5.44  2 
 54653.424       2.13      1.58      4.21  1 
 54656.443       4.23      4.26      1.52  2 
 54659.377       1.74      1.53      3.23  1 
 54662.461       0.57      4.57      4.33  2 
 54665.264       0.17      1.64      4.36  1 
 54669.460      -8.60      4.14      7.27  2 
 54672.396       1.20      1.63      4.56  1 
 54676.595      -0.40      4.52      3.42  2 
 54679.465       4.50      1.71      3.84  1 
 54682.683      -8.04      6.62      7.53  2 
 54686.862       4.71      1.76      4.41  1 
 54691.581      13.07      7.62      3.64  2 
 54694.647       1.89      1.76      4.50  1 
 54698.515      -1.06      6.82      5.20  2 
 54701.516       0.12      1.69      5.84  1 
 54705.319       1.32      6.59      2.35  2 
 54708.320       1.80      1.63      3.81  1 
 54711.273       4.34      4.83      3.53  2 
 54715.188      -2.41      1.66      5.94  1 
 54719.252       4.64      4.73      3.50  2 
 54723.169      -2.78      1.67      5.48  1 
 54727.434      11.32      5.07      3.34  2 
 54730.369       4.38      1.64      1.86  1 
 54733.522     -10.55      6.10      4.58  2 
 54737.373      -0.66      1.65      4.70  1 
 54743.588       1.29      1.81      5.32  1 
 54747.326      -4.00      6.11      3.81  2 
 54750.196       2.58      1.66      3.35  1 
 54753.213      19.42      7.16      0.78  2 
 54757.130       0.28      1.69      5.29  1 
 54761.129       1.19      4.93      5.28  2 
 54764.979       0.89      1.66      4.30  1 
 54768.978      -2.71      4.48      5.56  2 
 54870.767       0.58      1.51      4.80  1 
 54873.850       0.35      4.84      4.57  2 
 54876.851      -1.55      1.50      5.52  1 
 54880.069       3.75      4.94      3.95  2 
 54884.313       1.68      1.47      3.94  1 
 54887.333      -1.70      6.34      5.22  2 
 54890.267       2.12      1.53      4.27  1 
 54894.070      -2.91      6.08      6.36  2 
 54896.089      -0.05      1.58      5.58  1 
 54900.153      12.63      6.39      2.33  2 
 54905.704      -1.39      1.49      5.21  1 
 54908.917      -1.98      6.45      5.37  2 
 54911.656       3.79      1.50      3.58  1 
 54914.739       5.51      4.82      4.20  2 
 54918.654       1.04      1.59      5.40  1 
 54922.718       5.38      4.90      3.04  2 
 54925.653      -1.40      1.49      5.71  1 
 54929.851      -1.08      4.49      4.07  2 
 54933.833       4.11      1.51      1.91  1 
 54936.984       1.29      6.34      4.66  2 
 54939.788       1.28      1.60      4.97  1 
 54942.937      11.81      6.74      1.96  2 
 54947.833       0.67      1.56      4.70  1 
 54951.766      -1.73      6.24      5.81  2 
 54954.635       2.46      1.56      3.78  1 
 54958.633      -5.34      6.14      5.42  2 
 54961.699       0.34      1.45      5.13  1 
 54965.698       1.65      4.45      1.39  2 
 54968.566      -1.69      1.45      5.36  1 
 54971.648       6.36      4.98      5.53  2 
 54975.499       2.60      1.55      3.45  1 
 54979.762      -1.30      5.09      7.00  2 
 54982.632       1.60      1.47      3.54  1 
 54985.784       2.00      4.77      5.28  2 
 54989.839      10.98      5.64     -0.56  2 
 55014.562      -0.26      4.64      6.89  2 
 55017.430       2.95      1.71      3.55  1 
 55020.381      -2.20      4.93      6.66  2 
 55025.343       0.39      1.71      4.21  1 
 55028.627       3.05      6.31      3.84  2 
 55034.712      -1.92      4.56      2.73  2 
 55038.562       1.84      1.78      4.18  1 
 55042.692       3.57      6.99      3.17  2 
 55045.495       0.53      1.75      4.00  1 
 55048.578       3.75      4.85      3.74  2 
 55052.558       2.88      1.87      3.11  1 
 55055.445       1.93      8.46      6.81  2 
 55058.379       0.31      1.82      4.96  1 
 55061.461      -8.37      7.21      6.59  2 
 55064.199       1.97      1.84      3.88  1 
 55067.412      -3.80      4.99      9.32  2 
 55071.262       2.39      1.72      3.18  1 
 55074.344      12.80      5.27      0.33  2 
 55078.260       2.94      1.81      3.27  1 
 55081.477      -0.08      5.25      8.16  2 
 55085.721      -0.25      1.78      5.46  1 
 55088.675       1.14      7.66      5.10  2 
 55092.655       4.34      1.72      2.94  1 
 55106.193       2.51      1.71      3.18  1 
 55110.190       2.04      7.06      4.30  2 
 55113.256       1.59      1.76      4.53  1 
 55116.273       2.61      4.99      3.05  2 
 55120.057      -0.33      1.88      5.18  1 
 55124.185      -0.78      4.87      6.24  2 
 55127.773      -1.46      1.84      5.17  1 
 55134.186       5.51      1.83      1.60  1 
 55235.361       2.02      1.63      4.75  1 
 55238.448      10.74      5.45      3.23  2 
 55241.119      -1.65      1.50      4.44  1 
 55244.333       6.85      7.58      3.86  2 
 55249.162       1.26      1.69      3.94  1 
 55252.179      -7.91      5.99      7.07  2 
 55254.850      -0.02      1.60      5.71  1 
 55257.866      -3.31      6.65      4.52  2 
 55261.715       1.75      1.58      4.53  1 
 55264.732      -9.30      4.74      8.67  2 
 55268.776      -1.83      1.55      6.04  1 
 55271.792      -5.49      4.71      6.79  2 
 55275.641       2.28      1.48      2.71  1 
 55279.769       1.86      4.61      1.85  2 
 55282.769       0.63      1.53      4.54  1 
 55286.379      -2.59      4.67      4.73  2 
 55290.881       1.81      1.50      3.81  1 
 55293.964      -0.27      6.57      2.78  2 
 55296.962       1.57      1.52      3.77  1 
 55299.913      -3.64      6.41      5.29  2 
 55306.908       4.09      6.28      2.44  2 
 55310.560       3.60      1.60      3.44  1 
 55313.837      -0.97      6.86      5.35  2 
 55317.424       3.26      1.60      3.71  1 
 55320.440       0.13      4.77      6.22  2 
 55324.484       2.19      1.60      4.31  1 
 55327.630       3.60      4.84      1.66  2 
 55331.610       1.82      1.55      4.04  1 
 55335.807       8.90      5.27      4.22  2 
 55339.721       3.09      1.54      3.18  1 
 55342.804      -2.23      7.06      9.07  2 
 55345.672       2.55      1.53      2.52  1 
 55348.884       5.42      5.97      0.04  2 
 55354.637       9.53      6.01      2.34  2 
 55383.664       3.58      4.64      3.55  2 
 55387.577       0.40      1.77      4.50  1 
 55391.773       6.48      6.72      1.21  2 
 55395.620      -1.42      1.74      5.04  1 
 55398.636       6.20      6.76      0.68  2 
 55402.745       0.21      1.80      5.49  1 
 55406.611       0.59      6.22      1.57  2 
 55408.563       3.74      1.77      3.38  1 
 55411.447      -1.74      4.71      5.86  2 
 55415.425       5.75      1.78      2.37  1 
 55418.243      -1.95      4.89      6.78  2 
 55422.288      -2.83      1.71      5.39  1 
 55425.367       9.48      5.13      0.80  2 
 55429.282       3.33      1.85      3.70  1 
 55432.564       4.65      7.37      0.01  2 
 55436.410       0.34      1.83      4.60  1 
 55439.951       2.07      4.86      2.83  2 
 55444.649       1.76      1.83      4.02  1 
 55447.534      14.39      5.35      1.51  2 
 55450.401       0.33      1.76      4.59  1 
 55453.613      15.73      5.38      3.11  2 
 55457.264       5.90      1.82      2.40  1 
 55460.278       7.46      4.83      3.63  2 
 55464.323      -1.92      1.74      5.75  1 
 55468.316      15.75      5.36     -0.01  2 
 55471.184       0.82      1.92      5.42  1 
 55478.112       3.70      1.81      2.60  1 
 55482.373      -0.66      4.59      2.19  2 
 55485.237      -0.22      1.71      4.55  1 
 55488.582       1.50      4.58      3.68  2 
 55491.646       1.51      1.70      4.46  1 
 55495.578      -4.52      4.47      4.40  2 
 55499.228      -1.79      1.69      5.00  1 
 55600.064      -1.24      1.47      4.97  1 
 55603.275       6.86      4.64      1.74  2 
 55607.121       0.35      1.52      5.10  1 
 55611.114      -8.77      4.36      7.89  2 
 55614.699      -2.42      1.45      5.95  1 
 55618.757       4.31      4.68      4.53  2 
 55629.593       2.49      1.58      3.18  1 
 55633.916      -3.62      4.80      7.49  2 
 55636.846       1.59      1.51      4.22  1 
 55640.386      -3.50      4.88      6.13  2 
 55643.906       0.43      1.50      3.88  1 
 55647.116       5.91      5.04      5.46  2 
 55650.830       1.83      1.45      3.42  1 
 55654.105       0.81      4.46      4.38  2 
 55657.754       2.23      1.45      3.30  1 
 55661.942       1.89      4.60      7.11  2 
 55664.612      -1.16      1.41      5.10  1 
 55668.603      -2.43      4.60      5.22  2 
 55671.664       3.84      1.45      2.77  1 
 55675.524      -6.55      4.38      5.38  2 
 55678.586       3.84      1.43      3.02  1 
 55681.663       7.66      4.59      1.81  2 
 55685.248       1.38      1.41      3.54  1 
 55689.898       8.35      4.68      1.33  2 
 55692.763       0.58      1.50      3.75  1 
 55696.887      -0.12      4.73      2.84  2 
 55700.731       1.07      1.53      4.60  1 
 55703.808      -2.43      4.36      5.34  2 
 55706.869       3.69      1.49      2.52  1 
 55710.663      -2.77      4.26      5.12  2 
 55713.724       0.35      1.45      4.62  1 
 55716.474      -2.44      4.71      4.11  2 
 55719.673       5.54      4.87      3.09  2 
 55744.752       8.58      5.07      3.02  2 
 55750.619      -0.27      1.84      4.67  1 
 55754.610      -2.52      4.39      7.44  2 
 55759.432       1.72      1.73      3.20  1 
 55762.639       2.40      4.35     -1.09  2 
 55767.396       0.73      1.83      4.05  1 
 55769.493      -7.27      4.57      7.73  2 
 55773.141      -2.46      1.73      4.79  1 
 55780.190      -0.39      1.72      4.08  1 
 55783.465       2.27      4.78      6.06  2 
 55790.583       3.42      4.77      4.66  2 
 55797.570       5.41      5.23      2.69  2 
 55801.478       2.86      1.69      2.90  1 
 55804.685       0.31      4.38      3.00  2 
 55808.397       0.68      1.64      4.28  1 
 55811.538      -9.06      4.26      8.30  2 
 55818.390      -2.89      4.35      4.21  2 
 55822.037       1.24      1.68      3.35  1 
 55825.307       2.34      4.76      5.03  2 
 55829.150       0.48      1.64      4.09  1 
 55832.293      -1.90      4.48      4.76  2 
 55836.266       0.02      1.71      4.28  1 
 55839.409      -0.30      4.45      2.08  2 
 55843.447       0.58      1.71      4.16  1 
 55846.720     -10.31      4.37      3.18  2 
 55850.365       0.98      1.69      3.67  1 
 55857.215       4.74      1.68      2.16  1 
 55860.420      -5.38      4.47      6.92  2 
 55864.130       2.45      1.69      4.61  1 
