; SOURCE: WGAJ1715.3-2635
; SOURCE RA:       258.837     SOURCE DEC:      -26.6000
; CREATION DATE: Fri Nov  4 01:45:07 2011
; DATE(MJD) RATE ERROR BKG SCANTYPE EBAND
 51214.851      -2.83      1.67      2.69  1 
 51217.782       3.13      2.31      2.80  1 
 51220.714       4.24      2.38      2.95  1 
 51224.778       2.48      2.01      2.78  1 
 51227.710       2.47      2.01      3.25  1 
 51231.656       1.65      1.32      2.66  2 
 51234.772      -0.26      1.71      2.57  1 
 51238.456       2.56      1.52      2.57  2 
 51241.305       1.84      2.24      2.53  1 
 51245.325       4.21      1.37      2.64  2 
 51248.170       4.27      2.07      2.42  1 
 51252.188       2.50      1.53      2.89  2 
 51255.832       1.96      2.25      3.00  1 
 51259.981       0.96      1.45      3.97  2 
 51262.760       5.33      1.90      3.26  1 
 51265.843       1.77      1.43      4.01  2 
 51273.770       0.86      1.52      3.67  2 
 51276.549       2.29      1.94      3.45  1 
 51280.497       4.06      1.59      3.49  2 
 51283.476       4.81      2.42      3.16  1 
 51287.425       2.28      1.65      3.53  2 
 51290.206       4.72      2.08      3.14  1 
 51294.292       5.15      1.60      3.42  2 
 51297.804       2.68      2.74      2.98  1 
 51301.023       1.10      2.21      3.63  2 
 51303.934       0.34      2.36      3.83  1 
 51308.949       0.06      1.57      3.67  2 
 51311.660       3.21      2.09      3.57  1 
 51313.878       2.70      1.64      3.88  2 
 51318.654       4.91      2.40      3.51  1 
 51322.602       1.18      1.74      3.63  2 
 51325.448      -1.23      2.79      3.30  1 
 51328.595       2.06      2.28      3.70  2 
 51332.373       3.34      2.41      3.09  1 
 51336.320      -2.16      1.64      3.31  2 
 51338.435       5.01      3.05      3.10  1 
 51364.636       3.94      2.20      3.34  2 
 51367.612       1.41      2.24      3.49  1 
 51370.562       1.42      1.76      4.04  2 
 51374.471      -3.43      2.14      3.05  1 
 51377.486       3.08      2.17      3.66  2 
 51381.746      -1.63      2.48      3.76  1 
 51385.902       1.74      1.88      4.79  2 
 51389.254       1.95      2.31      3.02  1 
 51392.135       0.35      1.78      3.20  2 
 51396.381       2.47      2.40      2.76  1 
 51399.600       2.42      2.18      2.83  2 
 51402.578       0.90      2.29      3.21  1 
 51405.596       2.46      1.77      3.29  2 
 51408.505       2.77      2.31      3.31  1 
 51411.721       5.05      1.87      3.48  2 
 51415.564       2.44      2.24      3.08  1 
 51420.510       2.69      1.88      3.37  2 
 51423.421      -1.78      2.16      3.15  1 
 51427.301       1.70      1.77      3.54  2 
 51430.212      -1.50      2.27      3.20  1 
 51436.004      -0.78      2.18      3.04  1 
 51441.146       3.01      1.75      2.81  2 
 51444.858      -1.66      2.11      2.74  1 
 51448.407       1.53      1.87      3.14  2 
 51452.719      -3.04      2.15      2.73  1 
 51455.669       1.80      1.75      3.51  2 
 51463.393       1.48      1.78      3.55  2 
 51466.302       4.83      2.31      2.95  1 
 51470.382       3.00      1.64      3.26  2 
 51472.226       2.96      2.23      2.83  1 
 51475.373      -2.68      1.69      3.38  2 
 51478.084       4.34      2.31      2.82  1 
 51481.230       3.91      1.78      3.15  2 
 51484.141       5.88      2.78      2.99  1 
 51580.903       1.71      2.30      3.20  1 
 51584.846      -0.98      1.71      3.30  2 
 51587.887       6.48      3.02      2.91  1 
 51591.829      -0.10      1.68      3.07  2 
 51594.738       0.13      2.33      2.79  1 
 51598.813       2.88      1.53      3.15  2 
 51602.387       3.42      2.34      2.78  1 
 51605.467       1.24      1.80      2.90  2 
 51610.905       4.93      2.56      2.99  1 
 51615.051       7.94      1.90      2.80  2 
 51618.090      -1.81      2.18      2.75  1 
 51623.097      -0.01      1.76      3.00  2 
 51626.802       3.44      2.35      2.74  1 
 51629.880       1.73      2.24      2.98  2 
 51633.717      -0.38      2.19      2.98  1 
 51636.794      -3.12      1.64      3.39  2 
 51641.562       4.09      2.44      2.78  1 
 51645.568       2.70      1.75      3.01  2 
 51649.405       2.11      2.35      3.08  0 
 51653.412       2.56      1.84      2.86  2 
 51656.253       3.09      2.34      2.40  1 
 51660.795      -0.65      1.77      2.54  2 
 51664.101      -0.30      2.28      2.66  1 
 51667.845       1.17      1.74      2.49  2 
 51671.747       0.10      2.04      2.79  1 
 51674.824       0.21      1.78      2.85  2 
 51677.662      -2.49      2.63      3.60  1 
 51683.729       1.42      3.20      4.40  2 
 51687.631      -5.12      3.94      4.29  1 
 51690.706       3.99      2.26      4.18  2 
 51694.409       4.57      3.75      3.65  1 
 51697.417       2.49      2.95      4.24  2 
 51702.249       0.92      3.87      4.06  1 
 51727.725       0.80      2.27      3.94  2 
 51731.626      -0.56      3.74      4.10  1 
 51739.531      -1.33      3.81      4.28  1 
 51743.535       4.09      2.98      4.12  2 
 51747.237       7.01      4.37      3.78  1 
 51751.440       7.07      3.02      4.12  2 
 51755.273       6.31      4.48      3.94  1 
 51759.477       0.97      2.27      3.98  2 
 51763.379      -1.54      3.86      3.57  1 
 51767.520       1.84      2.96      2.87  2 
 51771.553       4.79      3.92      3.52  1 
 51775.693       4.29      3.08      3.88  2 
 51779.525       4.17      3.81      4.13  1 
 51783.463      -0.56      3.14      3.89  2 
 51787.294       5.37      3.85      3.51  1 
 51791.498       4.75      3.20      4.44  2 
 51803.099       8.34      4.54      3.65  1 
 51807.167       0.07      2.98      5.14  2 
 51811.930      -0.54      3.44      3.41  1 
 51815.869       4.12      3.08      3.97  2 
 51819.703       0.65      3.98      3.67  1 
 51823.577       4.10      2.94      3.84  2 
 51827.542      -1.57      3.73      3.93  1 
 51831.345       3.98      3.07      3.62  2 
 51835.308       1.03      3.83      3.72  1 
 51839.377      -1.29      3.17      4.14  2 
 51843.207       0.58      3.90      3.82  1 
 51847.209       2.30      3.03      4.24  2 
 51947.074       5.81      3.20      4.08  2 
 51949.907       0.51      3.09      3.53  1 
 51953.971       3.15      5.12      5.16  2 
 51956.803       5.59      4.60      3.87  1 
 51960.799       4.44      2.27      3.62  2 
 51963.567       2.12      3.19      3.56  1 
 51967.828       2.18      2.24      3.11  2 
 51971.393       5.23      3.10      3.25  1 
 51975.325       3.16      2.22      3.21  2 
 51977.896       1.60      3.23      2.82  1 
 51982.029       7.60      2.38      3.57  2 
 51986.054       5.58      3.14      3.47  1 
 51989.920       2.92      3.13      3.79  2 
 51993.878       4.10      3.85      4.11  1 
 51996.814       3.29      3.07      3.82  2 
 51999.844      -0.16      4.32      3.92  1 
 52002.912       4.09      3.13      3.86  2 
 52007.467       0.62      3.11      3.20  1 
 52011.726       8.55      2.98      3.19  2 
 52014.425      10.09      4.26      3.37  1 
 52017.425       2.27      2.23      3.03  2 
 52020.589       4.66      3.98      3.04  1 
 52024.921       1.42      3.01      3.79  2 
 52027.751      -3.44      3.93      2.87  1 
 52031.086       4.22      3.02      3.48  2 
 52034.977      -2.40      3.83      3.69  1 
 52037.913       4.78      3.07      3.63  2 
 52040.942       2.62      3.85      3.41  1 
 52043.811       3.67      2.42      3.03  2 
 52047.833       0.03      3.87      3.64  1 
 52051.828       4.29      2.41      3.30  2 
 52055.652      -2.47      4.00      3.72  1 
 52059.645       1.96      2.94      3.81  2 
 52062.476       2.92      8.57      4.77  1 
 52065.541      -2.76      2.78      3.66  2 
 52090.859       5.38      2.28      3.17  2 
 52093.907       0.42      2.24      3.15  2 
 52097.596       2.55      2.71      3.20  1 
 52101.656       4.12      3.20      3.36  2 
 52104.353       1.91      3.78      3.22  1 
 52107.551       4.09      2.95      4.02  2 
 52111.242       6.51      4.32      3.35  1 
 52115.366       1.90      2.87      3.80  2 
 52119.255       2.19      4.27      3.42  1 
 52122.387       1.02      2.93      3.58  2 
 52125.085       2.74      3.82      3.32  1 
 52129.544      -1.64      2.94      2.76  2 
 52132.507       6.36      4.18      2.47  1 
 52135.576       0.97      2.90      3.06  2 
 52139.598       1.04      3.75      3.26  1 
 52143.592       5.58      3.22      3.11  2 
 52146.553      -0.50      2.72      3.16  1 
 52150.612       2.34      3.18      3.60  2 
 52153.506       2.90      3.78      3.43  1 
 52156.307       6.27      3.08      3.15  2 
 52160.129       5.65      3.13      2.91  1 
 52163.326       1.09      2.20      3.55  2 
 52167.015      -0.24      2.99      3.05  1 
 52170.079       3.88      2.20      2.96  2 
 52173.836       5.84      3.87      3.15  1 
 52177.894      -0.01      3.01      3.30  2 
 52182.247      -3.22      3.76      3.05  1 
 52184.719       3.89      3.07      2.83  2 
 52189.402       2.02      3.73      3.16  1 
 52192.600       4.28      2.24      2.90  2 
 52195.360       7.63      3.86      3.31  1 
 52198.490       4.21      3.16      3.48  2 
 52202.178       1.09      3.62      3.27  1 
 52205.373       4.27      3.20      3.26  2 
 52209.127       8.45      3.85      3.10  1 
 52212.321       1.55      2.98      3.58  2 
 52311.830       3.60      3.92      3.89  1 
 52315.020       3.72      3.38      3.82  2 
 52317.907       3.57      4.35      4.15  1 
 52322.681       1.08      3.17      3.65  2 
 52325.503       2.80      4.12      3.81  1 
 52328.757       3.38      3.15      3.98  2 
 52331.712       2.24      3.95      4.01  1 
 52335.958       2.52      3.16      4.72  2 
 52339.903      -3.60      3.80      3.53  1 
 52343.162       5.34      2.98      4.09  2 
 52345.916      -5.83      6.46      4.59  1 
 52351.020       4.12      3.10      4.20  2 
 52353.906      -0.82      3.82      3.93  1 
 52357.952       4.55      2.49      3.36  2 
 52360.838       4.19      3.85      3.79  1 
 52363.893       4.65      3.15      3.91  2 
 52367.571       2.89      3.92      3.69  1 
 52384.351       3.18      3.10      3.83  2 
 52387.239       0.69      3.70      3.25  1 
 52390.361       3.09      3.06      3.89  2 
 52393.775       2.89      3.95      3.40  1 
 52398.085       0.34      2.87      4.01  2 
 52401.958       1.81      3.75      3.76  1 
 52405.012       2.98      3.12      3.69  2 
 52411.873       4.81      3.16      3.80  2 
 52414.757       4.58      3.88      3.45  1 
 52422.342       2.82      3.07      3.31  1 
 52426.581       0.92      2.76      3.81  2 
 52430.454      -3.42      4.38      3.65  1 
 52455.873       5.61      2.30      3.17  2 
 52462.731       4.20      2.32      3.26  2 
 52465.613       3.36      2.87      3.40  1 
 52468.599       3.45      2.95      3.79  2 
 52472.471       2.46      4.12      3.56  1 
 52476.378       5.76      2.23      3.34  2 
 52479.262       9.82      3.34      3.13  1 
 52483.102      14.06      3.36      3.74  2 
 52486.385      10.71      4.04      3.36  1 
 52490.095      24.52      3.76      3.57  2 
 52493.376      36.44      4.82      3.75  1 
 52496.628      30.07      3.73      3.89  2 
 52500.500      47.34      5.25      3.24  1 
 52504.673      33.39      3.87      3.38  2 
 52507.621      25.10      4.41      3.48  1 
 52510.606      36.37      4.17      3.45  2 
 52513.355      34.98      3.66      3.16  1 
 52516.341      23.51      2.67      2.96  2 
 52520.212      29.13      4.58      3.16  1 
 52524.381      22.96      3.59      3.66  2 
 52532.289      17.67      3.30      3.65  2 
 52535.831      17.03      4.19      3.17  1 
 52539.276      14.22      3.25      3.35  2 
 52542.752      11.17      4.07      3.49  1 
 52546.465       9.28      3.15      3.43  2 
 52549.346       5.45      3.77      3.26  1 
 52552.596       8.33      2.99      3.27  2 
 52556.464       3.21      3.75      3.29  1 
 52560.371       1.44      3.04      3.33  2 
 52575.125       3.61      2.27      3.00  2 
 52578.137       4.44      3.20      3.47  1 
 52677.752       2.77      3.25      2.99  1 
 52680.797       3.79      2.15      2.99  2 
 52683.542       4.81      4.09      3.33  1 
 52686.717       3.58      2.73      2.79  2 
 52689.726       0.83      4.03      3.50  1 
 52692.639       1.85      2.22      2.65  2 
 52695.320       2.73      2.85      2.89  1 
 52713.964       5.68      2.40      2.88  2 
 52716.839       0.20      2.80      3.40  1 
 52720.936       5.66      3.18      3.01  2 
 52723.811       3.73      2.89      3.52  1 
 52727.907       3.23      2.91      3.91  2 
 52730.651      -1.86      4.17      3.72  1 
 52734.549       3.75      2.18      2.93  2 
 52737.623       6.71      4.40      2.98  1 
 52741.651       2.03      2.81      3.41  2 
 52745.646       2.01      2.90      2.97  1 
 52747.837       5.68      2.31      3.31  2 
 52751.767       3.02      3.97      2.83  1 
 52755.208       2.90      2.17      3.25  2 
 52758.806       1.85      2.88      3.00  1 
 52761.983       7.89      2.34      2.79  2 
 52764.725       0.68      2.69      3.11  1 
 52772.550       2.30      2.84      3.03  1 
 52776.580       4.02      2.98      2.88  2 
 52779.651       2.83      4.20      3.38  1 
 52783.417       4.29      2.24      3.74  2 
 52786.423       2.86      3.37      3.23  1 
 52790.582       3.35      2.17      3.24  2 
 52793.458       2.48      3.06      3.16  1 
 52796.567       3.72      2.17      3.15  2 
 52823.660       1.89      2.23      3.07  2 
 52826.469       6.57      2.91      2.88  1 
 52829.511       7.58      2.22      3.10  2 
 52833.370       1.34      3.22      2.96  1 
 52836.412       4.04      2.11      2.87  2 
 52839.352      11.68      3.34      2.92  1 
 52843.313       3.97      2.21      3.06  2 
 52846.387       2.33      2.80      2.96  1 
 52849.631       4.44      2.17      2.45  2 
 52853.488       4.50      2.92      2.75  1 
 52857.717       4.94      2.86      3.00  2 
 52861.773       1.52      2.76      3.00  1 
 52865.605       5.78      2.37      2.58  2 
 52868.478       3.90      2.70      2.93  1 
 52871.586       2.26      2.38      3.45  2 
 52874.328       1.62      2.72      2.98  1 
 52879.407       5.09      2.75      2.74  2 
 52883.331       7.28      3.20      3.22  1 
 52886.372       2.42      2.26      3.67  2 
 52889.180       6.55      3.21      2.86  1 
 52892.286       0.32      2.79      2.84  2 
 52895.160       2.75      2.93      2.84  1 
 52898.859       3.42      2.98      2.96  2 
 52901.273       0.30      2.80      2.57  1 
 52905.502       5.11      2.25      3.08  2 
 52909.362       0.79      2.82      2.70  1 
 52912.668       2.39      2.17      2.69  2 
 52916.460       1.06      3.42      3.20  1 
 52919.567       1.71      3.05      2.83  2 
 52923.228       5.05      2.75      2.76  1 
 52927.255       3.33      2.30      2.76  2 
 52930.060       0.68      2.80      3.05  1 
 52934.152       6.59      2.70      2.68  2 
 52937.090       2.83      4.16      3.07  1 
 52941.180       2.65      2.19      3.00  2 
 52945.039       1.26      3.63      2.96  1 
 53042.661       1.42      2.19      3.12  2 
 53045.794       4.36      3.40      3.35  1 
 53049.951      -0.58      2.11      2.86  2 
 53052.821       2.80      3.76      3.18  1 
 53056.521       2.63      2.18      3.13  2 
 53059.193       0.66      2.87      3.21  1 
 53063.286       2.66      2.91      3.33  2 
 53066.942      -0.26      2.85      3.05  1 
 53070.179       0.80      3.10      3.79  2 
 53074.033       1.15      3.00      3.32  1 
 53077.071       1.35      2.49      3.37  2 
 53079.940       7.96      6.75      3.87  1 
 53083.832      -1.70      2.94      3.03  2 
 53087.687       3.42      4.42      3.58  1 
 53091.577       2.21      2.18      3.03  2 
 53095.497       2.96      3.05      3.02  1 
 53098.731       3.73      2.19      3.13  2 
 53102.258       2.71      2.97      3.11  1 
 53106.875       1.88      2.24      2.64  2 
 53110.796       2.46      3.10      2.81  1 
 53113.968      -1.17      2.06      3.44  2 
 53116.837       0.81      2.92      2.86  1 
 53120.073       2.39      3.04      2.88  2 
 53123.728       1.49      3.85      3.21  1 
 53127.749       4.77      3.16      3.15  2 
 53131.801       1.09      2.90      3.14  1 
 53134.576       0.99      2.24      3.35  2 
 53137.641       0.94      3.31      3.28  1 
 53140.547       0.94      2.15      3.22  2 
 53143.416       2.00      4.51      3.29  1 
 53147.437       4.82      2.98      3.01  2 
 53150.372      -1.08      3.78      3.60  1 
 53154.573       2.25      2.87      2.92  1 
 53157.745       3.87      2.24      2.73  2 
 53189.509       1.65      1.99      3.31  2 
 53193.165       2.96      3.71      2.97  1 
 53197.251       2.92      2.71      3.21  2 
 53200.120      -0.29      2.70      3.05  1 
 53204.538       3.96      2.19      3.04  2 
 53207.472       5.26      2.96      2.64  1 
 53214.497       0.45      3.69      3.57  1 
 53218.652       1.47      2.09      2.84  2 
 53222.569       6.91      2.86      3.44  1 
 53225.738       3.66      2.40      3.41  2 
 53229.523      -0.96      2.72      3.42  1 
 53233.348       2.03      2.08      2.86  2 
 53236.413       4.87      3.97      3.81  1 
 53239.449       6.89      4.65      3.32  2 
 53243.301      -0.89      3.01      3.06  1 
 53247.321       2.10      2.09      3.23  2 
 53250.189       2.08      2.94      3.00  1 
 53254.341       1.93      2.17      3.47  2 
 53257.277      -1.57      3.52      2.99  1 
 53260.513       2.89      2.22      3.04  2 
 53264.367      -1.38      3.77      3.13  1 
 53267.537       1.88      2.09      2.62  2 
 53270.667       2.93      3.82      3.86  1 
 53274.425       1.88      2.22      3.44  2 
 53277.489       1.24      2.71      2.90  1 
 53281.313       4.84      2.31      3.05  2 
 53285.361      -0.26      3.77      3.50  1 
 53289.118       2.45      2.89      4.20  2 
 53292.117       1.11      3.01      3.07  1 
 53295.153      -0.90      2.93      3.35  2 
 53298.086       6.32      3.24      3.29  1 
 53301.840       2.53      2.82      2.89  2 
 53304.055       6.16      2.80      2.83  1 
 53307.748       2.92      2.14      3.24  2 
 53412.930      -1.96      2.96      2.57  1 
 53417.084       5.97      2.89      2.73  2 
 53419.949       3.31      3.89      3.10  1 
 53423.117       3.40      2.31      3.05  2 
 53426.899      -4.22      2.81      3.22  1 
 53430.918       1.78      2.24      3.41  2 
 53433.782      -0.15      2.85      3.26  1 
 53437.801       4.43      2.27      3.17  2 
 53445.667       5.68      2.94      2.71  2 
 53448.467       3.10      3.15      3.01  1 
 53452.745       2.64      2.16      3.75  2 
 53455.612       2.14      3.06      3.05  1 
 53459.434       2.35      2.38      3.68  2 
 53462.760       1.13      4.05      3.75  1 
 53469.188       4.52      3.23      3.18  1 
 53472.028       2.80      2.23      3.19  2 
 53475.876       4.12      2.99      3.25  1 
 53479.828       3.60      2.32      2.81  2 
 53482.889      -0.39      3.68      3.18  1 
 53486.907       4.99      2.33      3.25  2 
 53489.706       2.75      3.96      3.23  1 
 53493.526       4.80      3.07      3.10  2 
 53497.375       4.96      3.12      3.26  1 
 53501.390       7.81      3.07      3.21  2 
 53505.501       6.36      5.81      7.26  1 
 53508.339       1.80      2.34      3.16  2 
 53510.550       0.98      5.93      4.26  1 
 53514.111       1.96      2.23      3.40  2 
 53518.748       1.64      2.93      2.96  1 
 53521.894       2.40      2.91      3.24  1 
 53554.419       6.18      4.67      3.44  2 
 53558.333       5.19      6.38      3.04  1 
 53562.024      -0.21      2.77      3.76  2 
 53565.021       1.18      2.90      3.14  1 
 53569.698       6.62      2.98      2.65  2 
 53572.562       0.92      2.84      2.97  1 
 53575.858       6.57      2.99      2.95  2 
 53579.508       2.96      3.72      3.56  1 
 53582.542      -0.01      2.87      3.24  2 
 53585.537       3.04      3.76      3.45  1 
 53589.619       2.68      2.28      3.04  2 
 53592.418       2.20      4.07      4.00  1 
 53598.250       4.15      3.60      3.22  1 
 53602.133       3.09      2.11      2.99  2 
 53605.130       1.69      3.98      3.73  1 
 53609.342       2.99      4.84      4.97  2 
 53613.323       4.43      3.87      3.27  1 
 53616.689       3.22      2.21      2.69  2 
 53620.404       0.35      2.80      2.92  1 
 53624.553       4.52      3.03      3.37  2 
 53627.613       3.33      3.66      3.31  1 
 53631.433       2.18      3.13      2.96  2 
 53634.494      -0.53      3.58      3.42  1 
 53638.312       7.71      2.37      3.00  2 
 53642.094       1.23      2.79      2.95  1 
 53646.109       5.14      2.33      3.23  2 
 53649.104       0.66      3.07      3.08  1 
 53652.200       1.87      2.17      3.36  2 
 53659.278       1.26      2.89      3.38  2 
 53666.424       1.90      2.85      3.21  2 
 53670.469      -2.37      3.48      3.30  1 
 53673.438       3.81      2.15      2.73  2 
 53775.122       5.14      2.21      2.84  2 
 53778.180       4.18      3.98      3.51  1 
 53781.083       4.11      2.34      3.29  2 
 53784.927       0.24      3.69      3.76  1 
 53787.895       1.69      5.33      4.81  2 
 53791.805       3.82      3.92      3.53  1 
 53794.837       5.06      2.95      3.44  2 
 53798.813       4.65      7.49      4.60  1 
 53801.844       4.95      2.86      3.37  2 
 53805.689      -5.61      7.51      4.96  1 
 53809.768       3.91      4.70      4.41  2 
 53812.371       9.93      6.53      4.19  1 
 53816.912      -0.84      5.09      4.21  2 
 53819.776       4.23      6.82      4.68  1 
 53822.943       1.58      2.97      3.86  2 
 53826.198      -1.90      6.84      4.81  1 
 53829.952       3.71      5.11      2.99  2 
 53833.796       2.07      3.78      3.43  1 
 53836.894       3.92      5.66      4.48  2 
 53840.673      -2.01      2.39      2.64  1 
 53844.884       4.48      2.16      3.10  2 
 53847.746       2.57      2.85      2.93  1 
 53851.497       4.83      3.07      2.72  2 
 53854.426       8.47      2.99      2.45  1 
 53858.634       2.58      2.88      2.37  2 
 53861.498       7.24      2.89      2.47  1 
 53864.399       7.91      3.25      2.79  2 
 53868.705       1.89      6.81      3.95  1 
 53875.717      -5.12      3.29      2.67  1 
 53878.815       0.21      2.85      2.41  2 
 53881.874       5.90      3.99      3.04  1 
 53884.972      -0.13      3.07      2.89  2 
 53887.833      -0.67      3.55      2.75  1 
 53890.799       2.32      2.19      2.75  2 
 53893.549       2.21      3.01      2.84  2 
 53918.633       3.80      2.93      2.71  2 
 53923.679       5.65      2.82      2.83  2 
 53927.589       0.41      3.66      2.86  1 
 53930.688       0.05      2.66      2.32  2 
 53933.614       0.08      3.75      3.13  1 
 53937.563       5.78      3.04      2.67  2 
 53941.538       6.01      3.86      2.44  1 
 53945.551       3.03      5.10      3.01  2 
 53949.461       1.51      3.84      2.89  1 
 53952.426      -4.59      2.46      2.34  2 
 53958.384      -1.00      2.65      2.95  2 
 53962.164       0.58      3.66      2.41  1 
 53965.391      -3.27      2.63      2.99  2 
 53969.369       7.53      4.10      2.68  1 
 53972.535      -2.04      2.71      2.35  2 
 53975.463       1.88      3.87      2.68  1 
 53980.527       4.07      2.90      2.87  2 
 53983.585       2.46      3.79      3.05  1 
 53987.664       7.76      3.22      2.64  2 
 53991.376       4.75      3.80      3.11  1 
 53995.258      -1.06      2.78      2.83  2 
 53998.317      -3.90      3.37      3.05  1 
 54002.198       4.62      2.94      2.71  2 
 54008.090       5.07      2.90      2.60  2 
 54011.084       4.25      3.84      2.72  1 
 54015.817      -0.83      2.76      2.58  2 
 54019.795       2.95      3.66      2.56  1 
 54022.829       2.31      2.86      2.84  2 
 54026.281       1.13      3.78      2.79  1 
 54029.445       5.55      3.02      2.66  2 
 54032.241       0.40      3.73      2.68  1 
 54035.403      -1.41      2.79      2.65  2 
 54038.330       3.52      3.69      2.72  1 
 54139.163       1.70      3.62      2.76  1 
 54142.194       3.58      3.18      2.88  2 
 54145.840       1.62      3.67      3.00  1 
 54149.001       1.00      3.04      2.88  2 
 54152.648       6.73      4.12      2.86  1 
 54155.742       1.21      2.84      3.08  2 
 54162.615       4.87      3.03      2.77  2 
 54166.394      -1.85      3.42      2.59  1 
 54170.473       5.91      3.27      2.70  2 
 54174.187       3.07      3.83      2.78  1 
 54178.072       1.67      2.86      2.81  2 
 54180.867      -5.15      3.51      2.77  1 
 54184.161       2.20      2.92      2.72  2 
 54188.068       6.23      3.97      3.34  1 
 54191.034       4.35      3.20      3.05  2 
 54194.679       3.63      3.79      3.30  1 
 54197.775       2.31      2.31      2.87  2 
 54201.552      -2.90      3.65      2.94  1 
 54204.777      -0.49      2.83      3.31  2 
 54208.424      -3.80      3.52      3.04  1 
 54212.434      -2.15      2.78      3.23  2 
 54216.278       7.70      4.05      2.50  1 
 54219.702       1.49      2.96      3.16  2 
 54222.696      -1.01      3.65      2.04  1 
 54225.926       7.58      3.16      2.80  2 
 54229.834       4.55      3.91      2.98  1 
 54232.997       4.08      2.96      2.67  2 
 54236.707       3.97      3.84      3.25  1 
 54240.785       0.41      3.00      2.97  2 
 54243.711       0.85      3.63      2.61  1 
 54247.592       3.20      3.03      2.70  2 
 54251.564       7.45      4.14      2.86  1 
 54283.728      -3.33      2.55      2.72  2 
 54289.532       4.91      3.90      2.63  1 
 54292.694       2.33      2.97      3.13  2 
 54296.405      -3.40      3.56      2.92  1 
 54299.434       0.07      2.77      3.32  2 
 54302.295      -0.69      3.57      2.56  1 
 54305.323       4.43      2.93      2.88  2 
 54308.185      10.54      4.26      2.75  1 
 54312.129      -3.62      2.52      2.56  2 
 54316.037       6.62      3.98      2.55  1 
 54319.394       5.83      3.03      2.51  2 
 54322.455       6.26      4.13      2.16  1 
 54325.552       1.37      2.85      2.02  2 
 54329.461      -3.28      3.42      2.34  1 
 54333.540       4.41      5.02      2.78  2 
 54336.465       3.36      3.78      2.86  1 
 54340.673       1.23      5.30      3.30  2 
 54344.319       7.36      3.99      3.20  1 
 54347.544       5.28      3.10      2.93  2 
 54352.303      -1.16      3.60      3.05  1 
 54356.378       0.58      2.73      2.98  2 
 54359.239       0.15      3.87      2.73  1 
 54362.987       7.79      3.10      2.83  2 
 54366.176       6.04      3.94      2.72  1 
 54369.337      11.13      3.30      2.80  2 
 54372.198       0.60      3.60      2.69  1 
 54379.336      -4.69      3.38      2.61  1 
 54383.481       2.99      2.95      2.83  2 
 54386.602      -0.15      3.62      2.41  1 
 54390.549       6.91      3.11      2.03  2 
 54393.297       7.87      3.17      2.89  2 
 54397.335       7.39      3.93      2.65  1 
 54401.064       5.13      3.83      2.72  1 
 54404.290      -1.03      2.66      2.51  2 
 54504.731      -1.16      3.73      2.45  1 
 54508.741       4.92      3.10      2.79  2 
 54511.667      -2.14      3.62      2.24  1 
 54518.405       2.30      3.83      2.46  1 
 54521.960       3.56      3.09      2.60  2 
 54525.278      -3.24      3.57      2.44  1 
 54529.031      -2.16      2.81      2.80  2 
 54532.873       4.14      4.06      2.64  1 
 54536.296       2.34      3.06      3.13  2 
 54540.137       2.61      3.70      2.97  1 
 54543.101       0.96      3.15      2.51  2 
 54546.746      -2.35      3.40      3.25  1 
 54550.756       7.25      3.25      2.71  2 
 54553.746       0.29      3.67      2.75  1 
 54556.644       2.56      3.01      2.77  2 
 54560.485       5.60      3.99      2.70  1 
 54564.494       6.20      3.20      2.95  2 
 54568.598       4.41      3.97      2.45  1 
 54571.691      -2.17      2.77      2.67  2 
 54575.273      -3.21      3.44      2.74  1 
 54578.894      -1.70      2.80      2.71  2 
 54581.820       6.32      4.12      2.91  1 
 54584.851       9.50      3.35      2.32  2 
 54588.757       3.97      3.72      3.10  1 
 54591.852     -10.23      5.49     12.52  2 
 54595.757       4.16      3.79      2.87  1 
 54598.786       8.59      3.37      2.84  2 
 54602.628       7.43      4.02      2.83  1 
 54606.506       5.68      3.17      2.73  2 
 54609.562      -1.12      3.89      3.29  1 
 54613.505       1.71      2.96      2.95  2 
 54616.496       1.97      3.82      2.80  1 
 54620.244      -3.26      2.87      2.46  2 
 54623.319       1.17      3.10      2.80  2 
 54650.741       4.81      2.96      2.77  2 
 54653.403       0.00      3.62      2.39  1 
 54656.432       4.45      2.91      2.47  2 
 54659.356       5.00      4.03      2.68  1 
 54662.450       1.69      2.77      2.40  2 
 54665.244      -5.95      3.43      3.09  1 
 54669.449       1.53      2.88      2.99  2 
 54672.375      -7.68      3.21      2.61  1 
 54676.583       1.93      3.00      2.06  2 
 54679.444       7.61      4.18      2.66  1 
 54682.673      -3.50      2.54      2.40  2 
 54686.841      -2.99      3.61      3.29  1 
 54691.572       5.03      3.13      2.65  2 
 54694.626       3.87      3.82      2.70  1 
 54698.506       1.32      2.97      2.86  2 
 54701.495       2.96      3.89      3.33  1 
 54705.309       4.27      2.95      2.58  2 
 54708.299       4.83      4.05      2.85  1 
 54711.261       4.96      2.96      3.15  2 
 54715.167       8.34      4.15      3.17  1 
 54719.241       1.25      2.80      2.95  2 
 54723.148      -5.11      3.27      2.82  1 
 54727.422       4.47      3.03      2.14  2 
 54730.348       0.53      3.91      2.16  1 
 54733.512       0.73      2.75      3.23  2 
 54737.352       1.47      3.77      2.79  1 
 54740.447       6.77      3.05      2.23  2 
 54743.567       3.38      3.66      2.89  1 
 54747.316       3.10      3.00      2.51  2 
 54750.175      -3.89      3.28      2.82  1 
 54753.203       3.03      2.91      2.69  2 
 54757.109       6.32      4.00      2.94  1 
 54761.117       2.64      2.93      3.50  2 
 54764.958       1.54      3.88      2.92  1 
 54768.967      -0.40      2.75      3.04  2 
 54870.746       5.10      3.93      3.09  1 
 54873.839       2.40      2.95      2.98  2 
 54876.830       1.87      3.70      2.84  1 
 54880.057       1.98      2.97      2.55  2 
 54884.292      -2.47      3.64      2.54  1 
 54887.323      -0.87      2.85      2.98  2 
 54890.246      -0.17      3.60      3.12  1 
 54894.060       4.10      3.10      3.01  2 
 54896.068       6.76      3.96      3.04  1 
 54900.143      -0.28      3.07      2.92  2 
 54905.683       4.22      3.93      3.06  1 
 54908.907       1.64      2.95      2.90  2 
 54911.635       2.04      3.89      2.85  1 
 54914.727       5.01      3.13      2.90  2 
 54918.633       2.02      4.04      3.30  1 
 54922.706       0.71      2.98      3.21  2 
 54925.632      -0.67      3.51      2.70  1 
 54929.840       1.93      3.09      2.82  2 
 54933.812       2.17      4.02      2.15  1 
 54936.974       6.11      3.07      2.72  2 
 54939.767       3.44      3.86      3.37  1 
 54942.927       0.07      3.09      3.04  2 
 54947.812       0.45      3.73      3.14  1 
 54951.756       0.44      3.06      2.68  2 
 54954.614      -0.09      3.59      2.95  1 
 54958.623      -2.23      2.80      3.37  2 
 54961.678      -2.70      3.64      3.33  1 
 54965.686       2.76      2.92      2.53  2 
 54968.545       3.44      4.04      3.17  1 
 54971.637       2.46      2.91      2.88  2 
 54975.478      -3.08      3.42      2.60  1 
 54979.751      -3.32      2.86      2.86  2 
 54982.611       1.94      3.90      2.35  1 
 54985.773       1.90      2.97      2.56  2 
 54989.829       4.23      3.00      2.57  2 
 55014.550       6.00      2.94      3.65  2 
 55017.409      11.81      4.32      2.97  1 
 55020.370       2.58      2.84      4.16  2 
 55025.322       1.85      3.84      2.63  1 
 55028.616      -0.29      2.78      2.05  2 
 55031.473       4.48      4.02      2.40  1 
 55034.701      -0.35      2.74      2.57  2 
 55038.541       2.27      4.01      2.85  1 
 55042.682       2.10      3.03      2.93  2 
 55045.474       3.45      3.75      2.73  1 
 55048.568       3.64      3.07      2.37  2 
 55052.537       0.54      3.61      2.99  1 
 55055.435       0.62      2.86      2.56  2 
 55058.358      -3.28      3.34      3.05  1 
 55061.451       5.80      3.03      2.83  2 
 55064.178       6.50      4.20      2.44  1 
 55067.401       2.74      2.85      3.05  2 
 55071.241       8.90      4.28      3.14  1 
 55074.333       3.76      2.83      3.15  2 
 55078.239       2.84      3.68      2.39  1 
 55081.465       4.61      3.11      2.83  2 
 55085.700      -1.64      3.74      2.93  1 
 55088.665       1.88      2.70      2.49  2 
 55092.635      -1.59      3.55      3.08  1 
 55106.172      -0.65      3.48      2.71  1 
 55110.180      -0.48      2.80      3.69  2 
 55113.235       5.92      3.99      3.09  1 
 55116.262       5.73      2.98      3.00  2 
 55124.174      -0.74      2.67      2.90  2 
 55127.753       1.97      3.78      2.81  1 
 55134.165       1.71      3.92      2.69  1 
 55235.340       2.55      3.80      2.62  1 
 55238.436       2.54      2.90      3.03  2 
 55241.099       9.63      8.06      3.00  1 
 55244.323       2.43      2.92      2.85  2 
 55249.141       6.65      4.05      2.95  1 
 55252.169      -0.48      2.98      2.73  2 
 55254.829       2.19      3.80      3.46  1 
 55257.856       0.68      2.90      2.88  2 
 55261.694      -2.63      3.66      3.26  1 
 55264.721       3.13      2.93      3.09  2 
 55268.755       0.86      3.88      2.87  1 
 55271.780       3.87      2.96      3.17  2 
 55275.620       3.08      3.91      2.59  1 
 55279.757       4.37      3.03      2.57  2 
 55282.748       2.93      3.76      2.52  1 
 55286.367      -0.92      2.79      3.33  2 
 55290.860      -7.38      3.37      2.45  1 
 55293.954       3.42      2.98      2.49  2 
 55296.942      -0.91      3.59      3.00  1 
 55299.903       1.73      3.03      2.91  2 
 55306.898       2.05      3.05      3.14  2 
 55310.539       2.66      3.77      2.62  1 
 55313.827       2.54      2.90      3.22  2 
 55317.403       5.42      4.02      3.22  1 
 55320.428       4.66      3.05      2.85  2 
 55324.463       7.52      4.07      2.68  1 
 55327.619       2.10      2.84      2.56  2 
 55331.589       1.41      3.65      2.83  1 
 55335.795       0.94      2.91      2.53  2 
 55339.701       4.46      4.03      2.42  1 
 55342.794       1.79      2.96      2.71  2 
 55345.651       0.65      3.63      2.15  1 
 55348.874      -2.32      2.76      2.74  2 
 55354.627      -3.48      2.86      2.82  2 
 55383.652       4.62      3.19      2.35  2 
 55387.556      -0.27      3.86      2.05  1 
 55391.763       2.07      2.99      2.05  2 
 55395.599       3.31      3.88      2.55  1 
 55398.627       2.15      3.08      2.27  2 
 55402.724       1.06      3.73      2.75  1 
 55406.601       5.38      3.14      2.47  2 
 55408.542       1.42      3.73      2.68  1 
 55411.435       8.63      3.28      3.36  2 
 55415.405       4.11      3.91      2.78  1 
 55418.232      -2.34      2.67      2.63  2 
 55422.267       5.14      4.07      2.71  1 
 55425.356       4.51      2.94      2.25  2 
 55429.261       5.52      3.93      2.98  1 
 55432.554       1.93      2.90      1.80  2 
 55436.389       5.94      4.16      2.73  1 
 55439.940      -4.05      2.57      3.22  2 
 55444.628       8.06      4.11      2.64  1 
 55447.523       9.32      3.20      2.69  2 
 55450.380       5.87      3.88      2.80  1 
 55453.601       3.22      3.07      2.65  2 
 55457.243       2.13      3.66      2.75  1 
 55460.267       8.14      3.17      2.81  2 
 55464.302      -1.56      3.66      3.01  1 
 55468.305       2.16      2.81      2.64  2 
 55471.164       0.41      3.74      2.66  1 
 55478.091       8.18      4.05      2.13  1 
 55482.362       3.30      2.97      2.59  2 
 55485.217      -0.27      3.77      2.60  1 
 55488.571       6.08      2.97      2.52  2 
 55491.626       1.78      3.83      2.80  1 
 55495.566       1.62      2.90      3.12  2 
 55499.207       6.60      3.93      2.84  1 
 55600.044      -2.85      3.42      2.72  1 
 55603.263      -0.36      2.95      2.69  2 
 55607.100      -5.27      3.37      2.69  1 
 55611.102       1.04      3.09      3.69  2 
 55614.678      -3.35      3.46      3.01  1 
 55618.745       3.57      2.94      2.31  2 
 55629.572       6.36      3.94      1.96  1 
 55633.905       1.05      2.98      2.68  2 
 55636.826       0.16      3.83      2.76  1 
 55640.374       4.70      2.99      2.88  2 
 55643.885       2.52      3.88      2.53  1 
 55647.105      -0.40      2.83      2.82  2 
 55650.810      -0.61      3.66      2.46  1 
 55654.094       1.42      2.99      2.52  2 
 55657.733      -2.06      3.45      2.57  1 
 55661.930       2.25      3.10      3.05  2 
 55664.591      -0.44      3.51      2.77  1 
 55668.591       1.64      2.90      2.84  2 
 55671.644       4.64      4.11      2.93  1 
 55675.512      -1.47      2.71      2.50  2 
 55678.565       0.15      3.75      2.29  1 
 55681.651      -0.06      2.71      2.56  2 
 55685.228       1.16      3.75      2.65  1 
 55689.886       0.28      2.88      2.30  2 
 55692.742       1.20      3.86      2.01  1 
 55696.876      -0.51      2.77      2.69  2 
 55700.710       6.85      3.91      2.58  1 
 55703.796       7.72      3.22      2.14  2 
 55706.848       3.99      3.90      2.65  1 
 55710.652       3.92      3.05      2.28  2 
 55713.703       1.02      3.72      2.53  1 
 55716.462       2.35      2.90      2.44  2 
 55719.661       2.88      2.95      2.60  2 
 55744.741       1.24      2.65      2.17  2 
 55750.598       1.11      3.54      2.69  1 
 55754.599       1.15      2.76      1.95  2 
 55759.412       2.93      3.75      2.50  1 
 55762.628      -0.90      2.70      2.26  2 
 55767.376       3.61      3.90      2.36  1 
 55769.481       5.78      2.98      2.61  2 
 55773.120      -1.03      3.62      2.02  1 
 55780.169       6.17      3.89      2.60  1 
 55783.454      -5.73      2.46      2.10  2 
 55790.571      -0.44      2.67      1.87  2 
 55797.559       2.67      2.76      1.85  2 
 55801.457       1.03      3.70      2.38  1 
 55804.674       2.77      2.93      2.46  2 
 55808.376       1.82      3.55      2.48  1 
 55811.526       1.88      2.98      2.82  2 
 55818.379       2.17      2.86      2.79  2 
 55822.017       2.15      3.83      2.00  1 
 55825.296       3.20      2.79      2.52  2 
 55829.130       1.04      3.67      2.28  1 
 55832.281      -0.67      2.72      2.38  2 
 55836.245       2.31      3.70      1.95  1 
 55839.397       5.16      3.04      1.99  2 
 55843.426      -4.09      3.34      1.84  1 
 55846.708       3.43      2.88      2.62  2 
 55850.344       2.60      3.72      2.46  1 
 55857.194       7.36      3.95      2.10  1 
 55860.408       0.95      2.87      2.46  2 
 55864.109       1.64      3.66      2.85  1 
