; SOURCE: XTE J1637-498
; SOURCE RA:       249.350     SOURCE DEC:      -49.8000
; CREATION DATE: Fri Nov  4 01:45:45 2011
; DATE(MJD) RATE ERROR BKG SCANTYPE EBAND
 53163.773       3.05      0.82      6.05  3 
 53166.672      -0.56      3.94      5.75  4 
 53170.666       1.57      0.80      5.97  3 
 53173.629      -0.64      4.48      5.97  4 
 53177.556       1.96      1.10      6.49  3 
 53180.453       4.82      4.14      6.02  4 
 53184.378       1.71      0.84      5.83  3 
 53187.604       6.97      5.33      6.03  4 
 53190.348       1.68      0.84      6.40  3 
 53193.443      -2.87      5.30      6.68  4 
 53197.367       1.38      1.18      7.11  3 
 53200.331       0.11      3.88      6.04  4 
 53203.408       1.59      0.80      6.37  3 
 53208.406       8.63      3.93      5.82  4 
 53211.413      10.45      1.20      6.15  3 
 53215.499      16.90      3.91      5.17  4 
 53218.836       7.74      0.89      6.19  3 
 53221.799       2.60      4.04      5.76  4 
 53225.463       2.14      0.79      6.43  3 
 53228.688       4.26      4.11      5.70  4 
 53231.630       2.69      0.92      6.10  3 
 53235.511       3.80      5.23      5.43  4 
 53239.173       1.63      1.12      6.68  3 
 53242.333       4.44      3.99      5.72  4 
 53246.256       2.32      1.17      6.57  3 
 53249.220      -1.82      3.94      6.14  4 
 53252.227       1.56      1.05      6.53  3 
 53256.172       3.02      3.83      5.87  4 
 53259.317       0.17      0.82      6.19  3 
 53262.279       7.12      3.95      5.62  4 
 53266.408       2.38      0.80      5.96  3 
 53269.700       2.21      3.84      5.94  4 
 53273.364       1.98      0.80      6.64  3 
 53276.523      11.05      4.16      6.00  4 
 53284.131       0.03      5.07      6.40  4 
 53288.252       1.99      0.91      5.89  3 
 53291.149       4.72      3.60      5.69  4 
 53294.941       1.25      0.85      6.00  3 
 53302.090       1.46      0.80      6.24  3 
 53304.790       4.72      4.03      5.75  4 
 53308.129       0.50      0.78      6.91  3 
 53398.649       3.13      3.97      5.61  4 
 53406.710       5.49      4.07      5.91  4 
 53411.748       0.59      0.77      6.46  3 
 53415.049       2.03      3.78      5.74  4 
 53418.972       0.89      0.83      6.27  3 
 53421.999       6.11      8.19      7.56  4 
 53425.005       2.40      1.07      6.23  3 
 53428.229       4.57      5.90      6.08  4 
 53434.783       8.05      4.26      5.62  4 
 53442.780      10.24      5.23      5.97  4 
 53446.569       2.57      0.84      6.14  3 
 53449.531       4.14      5.37      5.67  4 
 53453.450       2.47      0.84      5.83  3 
 53456.608       5.77      4.68      5.98  4 
 53459.682       1.77      0.81      6.08  3 
 53463.760       4.73      5.33      5.10  4 
 53466.831       2.24      0.85      6.89  3 
 53469.926       1.91      4.24      5.66  4 
 53472.867       3.72      0.82      5.46  3 
 53476.090       4.05      4.63      6.04  4 
 53479.947       2.27      0.83      6.20  3 
 53483.692       1.59      5.40      6.10  4 
 53486.632       2.16      0.85      6.08  3 
 53490.837       5.01      4.31      5.74  4 
 53494.430       2.96      0.83      6.11  3 
 53498.373       9.09      4.30      5.72  4 
 53502.292       3.24      0.84      6.92  3 
 53506.236       2.41      3.79      5.77  4 
 53546.553       0.57      4.06      6.15  4 
 53549.490       1.93      1.23      6.70  3 
 53553.367      -4.59      5.41      6.80  4 
 53556.368      -0.65      1.07      6.96  3 
 53559.984       2.24      5.26      6.10  4 
 53563.384      -0.98      1.03      7.24  3 
 53566.479       2.08      5.37      6.16  4 
 53570.601       3.41      1.10      6.42  3 
 53573.956       8.97      5.83      6.23  4 
 53577.681       2.95      1.08      6.53  3 
 53580.772       7.37      6.16      6.58  4 
 53583.710       3.31      2.34      7.89  3 
 53591.244       1.98      0.84      6.19  3 
 53594.335       0.64      4.96      5.93  4 
 53597.337       1.30      0.93      6.37  3 
 53601.279       5.09      5.16      6.07  4 
 53605.000       2.18      1.09      6.52  3 
 53608.878      -6.38      5.15      6.63  4 
 53615.236      -2.76      5.29      6.41  4 
 53619.360       0.51      1.09      6.19  3 
 53626.703       1.38      1.08      6.85  3 
 53633.452       2.12      1.07      6.14  3 
 53636.411      11.70     10.38      7.35  4 
 53639.348       3.09      1.16      6.19  3 
 53643.290       2.48      5.14      6.12  4 
 53647.012       0.49      1.10      6.61  3 
 53650.233      -0.12      9.23      6.95  4 
 53654.085       1.48      1.15      6.44  3 
 53658.093      -0.34      4.95      6.63  4 
 53661.166       1.39      1.72      8.12  3 
 53665.243       2.72      4.83      6.08  4 
 53668.176       3.48      1.14      6.46  3 
 53672.582       3.00      4.97      6.08  4 
 53763.969       2.57      0.84      5.88  3 
 53766.858       2.68      3.80      5.75  4 
 53769.994      -0.18      1.13      6.74  3 
 53774.004       9.31      3.77      5.59  4 
 53777.009       2.09      0.81      6.22  3 
 53779.967       6.54      4.25      5.79  4 
 53783.232       2.11      1.09      6.42  3 
 53787.106       2.34      9.38      7.66  4 
 53790.828       3.52      1.18      6.44  3 
 53793.971       3.18      2.03      7.97  3 
 53797.912       3.82      8.05      7.23  4 
 53800.847       1.45      1.20      7.07  3 
 53804.788       7.59      8.32      7.33  4 
 53808.376       6.81      1.19      7.15  3 
 53811.532      25.47      9.45      7.80  4 
 53814.940      16.51      2.17      6.16  3 
 53818.810      26.90      5.72      5.93  4 
 53821.812      16.51      2.21      8.51  3 
 53829.088       2.78      1.10      6.46  3 
 53833.094       4.13      9.63      7.15  4 
 53835.768       1.61      1.11      6.35  3 
 53839.708       3.41      3.89      5.71  4 
 53842.709       2.25      1.16      6.36  3 
 53846.845       9.06      4.96      5.48  4 
 53849.715       1.03      1.14      5.73  3 
 53853.524       9.25      4.91      5.75  4 
 53857.440       0.15      0.76      6.05  3 
 53860.529       0.88      4.75      6.02  4 
 53863.396       0.75      1.09      6.96  3 
 53867.607       5.98      4.79      4.87  4 
 53889.804       2.28      1.12      6.16  3 
 53892.762       2.40      5.39      5.32  4 
 53896.678       2.37      1.14      5.85  3 
 53900.356      -0.13      5.73      6.23  4 
 53903.553       0.87      1.12      6.43  3 
 53906.511       1.20      5.74      5.68  4 
 53910.426       1.46      1.08      6.13  3 
 53914.367      -8.47      5.40      5.25  4 
 53917.506       1.89      1.09      5.92  3 
 53920.529      13.55      5.86      4.57  4 
 53924.582       2.62      1.11      5.79  3 
 53928.589       0.35      5.60      6.43  4 
 53932.574       2.33      1.08      5.99  3 
 53936.645     -12.87      5.52      6.59  4 
 53940.431       3.36      1.12      5.82  3 
 53943.585       4.24      5.53      5.37  4 
 53946.585       2.66      1.13      5.73  3 
 53950.263       8.02      5.70      5.34  4 
 53954.310       2.49      1.12      5.62  3 
 53958.184       1.63      5.75      5.20  4 
 53961.318       0.76      1.06      6.42  3 
 53964.274      -7.12      5.47      5.67  4 
 53968.326       2.63      1.09      5.89  3 
 53971.486       3.18      5.86      5.55  4 
 53974.617       3.70      1.12      6.29  3 
 53977.445       4.32      5.76      5.21  4 
 53982.675       2.21      1.08      6.00  3 
 53984.388       6.99      5.83      5.55  4 
 53988.568      -2.17      1.01      5.86  3 
 53992.441      19.75      6.06      5.36  4 
 53995.376       0.30      1.10      6.56  3 
 53999.381       5.03      5.68      5.86  4 
 54003.101      -0.69      1.07      6.45  3 
 54006.189      10.35      5.65      5.48  4 
 54010.169       0.19      1.07      6.35  3 
 54013.847      15.81      6.00      5.53  4 
 54016.335       2.57      1.12      4.97  3 
 54019.154      -1.68      5.44      5.39  4 
 54022.222       2.36      1.14      6.69  3 
 54025.248       5.52      5.61      5.54  4 
 54028.581       3.02      1.09      5.85  3 
 54031.342      14.20      5.56      5.28  4 
 54034.409       6.42      1.15      5.82  3 
 54037.431       9.73      5.65      5.18  4 
 54128.171       7.63      1.19      6.13  3 
 54132.045       6.88      4.78      5.29  4 
 54135.243       4.35      1.13      5.89  3 
 54138.985      -6.84      4.70      6.29  4 
 54141.919       2.50      1.12      6.19  3 
 54144.810     -11.39      4.67      6.68  4 
 54148.006       4.00      1.17      6.01  3 
 54151.682       4.46      4.90      6.03  4 
 54154.812       3.07      1.17      6.19  3 
 54157.638       8.45      4.86      5.21  4 
 54161.748       0.44      1.09      6.09  3 
 54165.687      -1.54      4.85      5.74  4 
 54169.874       0.34      1.09      5.84  3 
 54173.741      -1.30      4.89      5.22  4 
 54176.944       2.52      1.13      6.17  3 
 54179.902      10.99      5.00      5.02  4 
 54182.904       2.63      1.11      6.25  3 
 54186.842      -6.76      4.79      5.68  4 
 54189.777       2.49      1.11      6.31  3 
 54193.780      10.66      5.09      5.32  4 
 54196.910       0.58      1.12      6.44  3 
 54199.867       5.25      4.97      5.67  4 
 54203.520       2.38      1.13      5.61  3 
 54207.458      -2.84      4.81      6.02  4 
 54210.390       1.44      1.10      5.91  3 
 54214.262       6.82      4.87      5.14  4 
 54217.592       1.68      1.08      6.17  3 
 54221.527      -2.85      4.74      6.16  4 
 54228.802      13.96      4.95      5.10  4 
 54231.805       0.56      1.06      5.74  3 
 54235.744      12.87      5.08      5.58  4 
 54238.689       5.57      4.98      5.37  4 
 54253.402       2.49      1.13      6.08  3 
 54256.358     -12.24      5.10      6.00  4 
 54260.271      -0.42      1.08      6.62  3 
 54263.294       3.62      5.48      5.22  4 
 54267.141       2.22      1.09      6.26  3 
 54270.429      -2.68      5.60      5.66  4 
 54274.210       2.36      1.08      5.76  3 
 54277.568       2.87      5.73      5.04  4 
 54281.882       1.23      1.07      5.97  3 
 54285.820     -10.67      5.52      6.52  4 
 54288.885      -0.98      1.07      6.94  3 
 54292.495       2.83      5.78      6.44  4 
 54295.626       2.36      1.12      6.64  3 
 54298.647      14.08      5.75      5.82  4 
 54302.562       2.34      1.15      6.54  3 
 54305.518       9.29      5.66      5.88  4 
 54308.450       1.47      1.11      5.92  3 
 54312.388      10.11      5.83      5.96  4 
 54316.300       1.55      1.08      6.06  3 
 54320.239       2.99      5.66      4.93  4 
 54324.356       3.55      1.12      5.86  3 
 54328.427       5.68      5.88      5.15  4 
 54331.562       3.54      1.10      5.65  3 
 54334.650      17.69      5.93      5.06  4 
 54338.501       1.39      1.06      6.14  3 
 54341.653      -0.40      5.92      6.22  4 
 54345.569      -0.45      1.09      7.90  3 
 54349.244      14.09      5.98      5.79  4 
 54353.224       0.36      1.10      6.52  3 
 54356.114      -1.41      5.64      5.76  4 
 54363.900       3.13      5.71      4.98  4 
 54367.158       2.55      1.10      6.49  3 
 54370.185      -8.80      5.49      6.23  4 
 54373.184       2.29      1.07      6.11  3 
 54376.342       4.02      5.83      5.95  4 
 54380.324       0.35      1.08      6.16  3 
 54384.395       5.48      5.58      5.57  4 
 54387.330       1.32      1.07      6.57  3 
 54390.351       7.12      5.65      5.08  4 
 54393.480       3.10      1.10      5.89  3 
 54396.174       4.47      5.45      5.90  4 
 54400.154       2.88      1.12      5.77  3 
 54403.046      -6.03      5.58      6.61  4 
 54493.092       1.75      1.09      5.93  3 
 54496.897       9.66      4.85      5.45  4 
 54499.896       1.62      1.13      6.43  3 
 54503.897      -1.09      4.60      5.81  4 
 54506.960       3.03      1.16      5.80  3 
 54510.635       1.71      4.80      5.72  4 
 54513.763       2.39      1.12      5.78  3 
 54517.700       0.68      4.75      5.42  4 
 54521.676       4.39      1.15      6.22  3 
 54524.838       5.74      4.95      5.35  4 
 54527.903       1.57      1.13      5.49  3 
 54530.924       9.18      5.00      4.92  4 
 54534.910       2.73      1.11      5.79  3 
 54538.258      12.36      5.13      5.73  4 
 54542.173      -0.37      1.05      6.10  3 
 54545.063       7.45      5.19      5.50  4 
 54548.715      -0.35      1.09      6.00  3 
 54551.931       0.68      4.77      5.43  4 
 54554.668       1.84      1.12      5.50  3 
 54558.604      10.63      4.97      5.58  4 
 54562.451       0.25      1.08      5.99  3 
 54566.388       3.06      4.93      5.28  4 
 54569.514       2.28      1.10      5.87  3 
 54573.654       3.03      4.84      5.97  4 
 54576.583       1.17      1.08      6.26  3 
 54580.721       9.05      5.10      4.64  4 
 54583.856       0.85      1.07      5.77  3 
 54587.008       3.20      4.78      5.42  4 
 54590.793       2.89      1.10      5.56  3 
 54594.009      10.91      5.11      5.25  4 
 54597.727       1.61      1.10      5.98  3 
 54600.878       5.87      4.88      4.93  4 
 54603.822       6.56      4.90      5.44  4 
 54618.199       1.64      1.10      6.61  3 
 54621.484       5.28      5.47      5.47  4 
 54625.601       4.23      1.15      5.60  3 
 54629.533      12.17      5.87      5.34  4 
 54632.668       2.65      1.12      5.87  3 
 54636.606       2.69      5.90      5.94  4 
 54639.672       2.53      1.08      5.38  3 
 54642.758       4.95      5.97      5.73  4 
 54646.737       0.77      1.07      5.76  3 
 54651.458       2.06      5.56      6.11  4 
 54654.390       0.77      1.09      5.93  3 
 54657.279       7.98      5.64      5.55  4 
 54660.276       2.53      1.11      5.62  3 
 54663.362       3.96      5.56      5.64  4 
 54666.228       1.39      1.07      5.73  3 
 54670.295      10.06      5.68      5.25  4 
 54673.430       1.91      1.07      5.94  3 
 54676.383      -3.02      5.46      5.57  4 
 54680.429       1.44      1.12      5.63  3 
 54684.501      16.76      6.01      5.70  4 
 54687.568       0.25      1.06      6.01  3 
 54690.719      -0.10      5.76      6.51  4 
 54693.456       1.48      1.08      6.42  3 
 54697.392       9.72      5.89      5.55  4 
 54700.521       5.32      1.16      5.84  3 
 54703.540      28.82      6.17      5.15  4 
 54707.269      42.04      6.37      5.39  4 
 54710.396      25.63      1.50      7.08  3 
 54714.136      20.99      6.11      5.68  4 
 54717.982      10.14      1.22      5.84  3 
 54721.134       3.52      5.95      6.51  4 
 54724.128       3.46      1.11      6.34  3 
 54728.133      -1.12      5.63      5.26  4 
 54731.403       1.84      1.12      5.59  3 
 54735.405       8.21      5.68      4.83  4 
 54738.406       3.03      1.09      5.23  3 
 54742.332       0.32      1.05      5.95  3 
 54745.286      -7.97      5.49      5.70  4 
 54748.480       1.16      1.08      6.17  3 
 54752.220       2.90      5.51      5.18  4 
 54758.303       2.52      5.33      5.67  4 
 54761.953       0.82      1.09      6.01  3 
 54765.889      -0.17      5.39      5.37  4 
 54767.969       1.43      1.09      6.42  3 
 54859.828       3.28      1.16      5.92  3 
 54863.698       6.41      4.74      5.12  4 
 54867.544       1.13      1.10      6.12  3 
 54871.806      13.19      4.93      5.53  4 
 54874.808       3.54      1.10      5.92  3 
 54877.829       3.16      4.84      6.40  4 
 54880.826       0.14      1.08      5.89  3 
 54884.896       5.46      5.06      5.26  4 
 54888.226       2.16      1.10      6.12  3 
 54891.965      -0.45      4.76      5.88  4 
 54895.226       0.96      1.09      6.28  3 
 54897.917       1.12      5.05      5.95  4 
 54900.850       2.41      1.13      6.09  3 
 54903.804      13.89      5.15      5.77  4 
 54907.912       0.93      1.12      5.69  3 
 54910.670       6.57      4.92      5.25  4 
 54913.797       1.27      1.14      6.40  3 
 54917.733       0.47      4.88      6.06  4 
 54921.643       1.08      1.10      6.45  3 
 54924.667      -2.37      4.76      5.20  4 
 54928.917       0.92      1.13      5.26  3 
 54932.714       9.41      5.12      5.16  4 
 54935.846       1.79      1.11      5.64  3 
 54938.868      14.53      5.03      5.22  4 
 54941.803      -0.21      1.06      5.86  3 
 54945.999      -1.24      4.93      5.55  4 
 54949.847       0.50      1.09      6.36  3 
 54960.517      -6.25      4.64      6.02  4 
 54963.710       1.66      1.15      6.18  3 
 54966.599       6.28      4.87      5.84  4 
 54969.541       8.40      4.97      5.48  4 
 54986.740       1.04      1.09      5.70  3 
 54990.742       2.59      5.49      5.25  4 
 54993.676      -0.71      1.04      6.46  3 
 54998.657       1.80      5.91      5.94  4 
 55000.542       6.45      1.16      5.22  3 
 55004.477       4.05      5.80      5.41  4 
 55007.474      11.75      1.28      5.75  3 
 55010.558       3.50      5.72      5.81  4 
 55013.490       3.26      1.17      6.43  3 
 55016.509      13.53      5.74      5.27  4 
 55019.374       1.34      1.09      5.82  3 
 55023.178      -8.28      5.40      5.14  4 
 55027.353       2.38      1.07      5.92  3 
 55030.511       0.45      5.66      4.98  4 
 55033.439       0.98      1.10      5.42  3 
 55037.574      -7.17      5.46      6.28  4 
 55041.558       2.22      1.08      5.32  3 
 55050.593       1.44      5.83      6.19  4 
 55054.375       4.86      1.14      5.46  3 
 55059.225       3.01      5.70      5.47  4 
 55063.137       3.59      1.14      6.09  3 
 55066.352       4.43      5.67      5.77  4 
 55070.262       2.53      1.10      5.24  3 
 55073.936       3.44      5.84      5.75  4 
 55077.264       4.13      1.09      5.56  3 
 55080.285      15.54      5.84      4.55  4 
 55087.484       3.89      5.68      5.31  4 
 55094.353       7.90      5.84      6.08  4 
 55108.151       1.32      5.56      5.62  4 
 55112.259       2.31      1.14      6.36  3 
 55115.278       0.79      5.42      5.89  4 
 55119.189       0.36      1.08      5.69  3 
 55123.842       2.32      5.52      5.24  4 
 55126.052       0.97      1.07      6.03  3 
 55133.189       1.25      1.11      6.15  3 
 55228.745       7.46      4.80      5.78  4 
 55231.810       3.54      1.12      6.23  3 
 55234.898       5.08      5.01      5.43  4 
 55237.117       2.90      1.12      5.35  3 
 55240.394       6.83      4.82      5.52  4 
 55243.983       2.23      1.13      5.69  3 
 55247.982      12.68      5.18      5.66  4 
 55251.110       4.00      1.13      5.85  3 
 55255.108      16.68      5.29      5.79  4 
 55258.758       3.32      1.15      5.78  3 
 55269.817       6.95      4.88      6.19  4 
 55273.465       0.66      1.09      6.39  3 
 55277.660       0.24      4.81      5.89  4 
 55280.587       1.28      1.08      6.05  3 
 55283.814      11.19      5.21      5.74  4 
 55287.722       3.24      1.18      6.23  3 
 55291.923       5.60      4.88      5.21  4 
 55294.857       5.24      1.14      5.40  3 
 55297.809       8.96      4.99      5.37  4 
 55308.846      14.37      1.33      6.08  3 
 55311.863      23.16      5.17      5.21  4 
 55314.793       2.29      1.15      6.04  3 
 55318.399      17.58      5.08      5.53  4 
 55322.570       3.34      1.14      5.34  3 
 55325.523      10.73      4.90      5.62  4 
 55328.518       2.23      1.10      6.27  3 
 55353.840      14.99      5.99      5.81  4 
 55357.686       3.04      1.14      6.06  3 
 55360.703      -1.87      5.63      5.91  4 
 55363.371       4.31      1.15      6.00  3 
 55366.454       8.31      5.88      5.67  4 
 55369.515       1.33      1.10      5.62  3 
 55372.271      18.22      6.00      5.16  4 
 55375.395       2.82      1.11      5.92  3 
 55379.395       7.78      5.78      6.01  4 
 55382.529       0.49      1.07      5.90  3 
 55386.527       5.41      5.75      5.02  4 
 55389.722       1.24      1.07      5.45  3 
 55393.524      20.27      5.87      4.84  4 
 55396.784       1.68      1.09      6.71  3 
 55400.847      -2.02      5.67      5.60  4 
 55404.692       1.88      1.09      5.92  3 
 55407.448       8.57      5.80      5.91  4 
 55410.509       3.88      1.15      6.10  3 
 55414.506       5.47      5.52      5.51  4 
 55417.435       3.01      1.16      6.56  3 
 55421.368      11.34      5.66      5.19  4 
 55424.296       3.30      1.13      6.52  3 
 55428.163       0.25      5.64      5.84  4 
 55431.224      -0.98      1.03      7.11  3 
 55435.223      21.96      6.07      5.36  4 
 55438.941       0.06      1.06      5.79  3 
 55442.487       5.57      5.80      5.95  4 
 55446.467       2.74      1.11      6.05  3 
 55449.549       7.68      5.78      5.87  4 
 55452.610       5.80      1.15      5.86  3 
 55456.476      11.19      5.94      5.76  4 
 55459.341       0.80      1.08      5.92  3 
 55463.338       1.16      5.56      5.51  4 
 55466.333       0.98      1.11      6.06  3 
 55470.070       9.51      6.12      5.76  4 
 55477.843       3.85      5.62      5.80  4 
 55481.100       3.71      1.09      5.97  3 
 55484.120       7.06      5.61      5.13  4 
 55487.955       0.29      1.05      6.22  3 
 55494.640       2.62      1.09      5.62  3 
 55498.638       4.97      5.54      5.58  4 
 55589.140       2.60      1.13      5.24  3 
 55593.133       2.60      4.60      5.82  4 
 55597.176       4.04      1.11      5.20  3 
 55601.238      17.44      5.28      6.27  4 
 55604.951      10.34      1.23      5.64  3 
 55608.097      17.02      5.26      5.35  4 
 55610.830       6.79      1.20      5.84  3 
 55613.977       7.49      4.87      5.29  4 
 55617.622       1.29      1.11      5.90  3 
 55620.835       7.68      4.89      4.95  4 
 55628.737       9.64      4.97      5.34  4 
 55631.733       3.97      1.11      5.72  3 
 55635.730       6.82      4.95      5.19  4 
 55638.858       1.06      1.12      5.38  3 
 55642.855      -4.51      4.86      5.40  4 
 55645.917       1.75      1.08      5.09  3 
 55649.848       6.49      5.07      5.10  4 
 55652.842       0.93      1.07      5.90  3 
 55656.053      27.74      4.56     18.24  4 
 55663.889       3.38      4.81      5.40  4 
 55666.816       4.05      1.18      5.45  3 
 55670.484       4.77      4.94      5.74  4 
 55673.671       1.07      1.10      5.62  3 
 55677.404      -3.82      4.47      5.28  4 
 55680.264       1.03      1.08      5.94  3 
 55684.590       5.97      4.86      4.94  4 
 55687.514       0.53      1.05      5.91  3 
 55690.206       7.08      4.85      5.35  4 
 55694.055       2.06      1.09      5.49  3 
 55697.135      14.10      4.97      4.99  4 
 55699.945       3.71      4.89      5.05  4 
 55715.471       0.95      1.11      5.74  3 
 55718.617       9.09      5.38      4.95  4 
 55722.260       2.86      1.11      5.06  3 
 55725.535       1.43      5.41      5.36  4 
 55729.374       1.19      1.08      6.11  3 
 55736.428       2.51      1.05      5.02  3 
 55740.489      -3.62      5.41      5.28  4 
 55743.551       3.12      1.10      5.28  3 
 55747.613       7.71      5.60      4.89  4 
 55752.565       0.71      1.05      5.69  3 
 55755.513      -1.19      5.53      5.43  4 
 55758.701       4.53      1.12      4.91  3 
 55761.649       5.48      5.61      5.44  4 
 55765.292       2.45      1.10      5.40  3 
 55768.501       9.53      5.59      5.25  4 
 55772.210       3.96      1.12      5.09  3 
 55775.354       0.14      5.36      5.10  4 
 55779.257       0.47      1.05      5.32  3 
 55782.924       9.06      5.68      4.87  4 
 55786.379       1.95      1.07      5.34  3 
 55789.393       2.17      5.72      4.83  4 
 55796.447      -3.37      5.58      5.18  4 
 55799.506       3.50      1.09      5.20  3 
 55803.629       3.91      5.86      5.40  4 
 55807.600       3.45      1.11      5.55  3 
 55810.547      14.63      6.00      5.66  4 
 55820.324       2.39      1.13      5.88  3 
 55824.251       5.62      5.68      5.25  4 
 55828.087       3.13      1.09      5.62  3 
 55835.206       1.05      1.04      5.80  3 
 55838.933       3.07      5.88      4.80  4 
 55842.320       1.70      1.11      5.61  3 
 55845.336       3.05      5.49      4.60  4 
 55852.515       5.65      5.62      5.26  4 
 55856.419       1.80      1.07      5.49  3 
 55859.299       0.48      5.39      5.03  4 
 55863.397       2.01      1.10      5.48  3 
