; SOURCE: XTE J1759-220
; SOURCE RA:       269.940     SOURCE DEC:      -22.0275
; CREATION DATE: Fri Nov  4 01:45:19 2011
; DATE(MJD) RATE ERROR BKG SCANTYPE EBAND
 51214.929      -0.99      1.71     22.39  1 
 51217.860      -0.23      2.22     23.66  1 
 51220.792      -0.58      2.16     22.80  1 
 51224.856      -3.77      1.77     22.13  1 
 51227.787      -1.58      1.80     21.92  1 
 51234.850      -3.99      1.63     22.30  1 
 51238.468      -6.03      3.54     19.55  2 
 51241.382      -4.35      2.08     22.22  1 
 51245.336       1.83      3.86     18.66  2 
 51248.248       1.02      1.83     20.04  1 
 51252.198      -7.21      3.88     18.59  2 
 51255.910      -1.39      2.09     21.66  1 
 51259.992      -6.14      3.40     21.91  2 
 51262.838      -2.20      1.90     21.84  1 
 51265.854       2.52      3.51     20.42  2 
 51269.832      -4.23      1.86     22.62  1 
 51273.780      -6.41      3.93     20.77  2 
 51276.627       0.32      1.69     22.48  1 
 51280.507      -6.52      3.73     21.09  2 
 51283.554       1.97      2.18     21.58  1 
 51287.436      -8.09      3.81     21.16  2 
 51290.284      -0.60      2.21     21.22  1 
 51294.303      -9.23      3.68     20.17  2 
 51297.882       0.34      2.14     21.05  1 
 51304.012      -2.12      2.11     22.51  1 
 51308.960      -5.38      4.30     22.24  2 
 51311.738       0.17      1.89     21.86  1 
 51313.889      14.89      3.97     19.85  2 
 51318.732      -0.57      2.19     21.89  1 
 51325.526      -3.31      2.52     22.23  1 
 51328.606      -3.00      5.17     20.55  2 
 51332.451       1.51      2.14     21.70  1 
 51336.331      -5.26      4.40     18.48  2 
 51338.512       3.52      2.61     20.34  1 
 51364.646      -7.76      4.75     22.81  2 
 51367.690      -0.64      2.26     21.70  1 
 51370.572      -2.79      4.18     21.68  2 
 51374.549       2.88      2.32     20.41  1 
 51377.497      -7.91      5.15     19.48  2 
 51381.889      -0.67      2.39     21.59  1 
 51385.949      -9.65      4.70     20.56  2 
 51389.332      -2.35      2.20     21.91  1 
 51392.146      -3.84      4.72     21.44  2 
 51396.459      -0.88      2.44     21.27  1 
 51399.611      -4.50      5.85     20.75  2 
 51402.655       0.06      2.26     21.31  1 
 51405.607     -10.64      4.49     20.08  2 
 51408.583       1.97      2.30     21.30  1 
 51411.732      -3.53      4.76     21.45  2 
 51415.642      -3.02      2.19     22.30  1 
 51420.520     -11.94      4.55     21.81  2 
 51423.498      -1.38      2.30     21.86  1 
 51430.289      -4.91      2.22     24.33  1 
 51433.170     -11.97      4.78     21.81  2 
 51436.082      -0.67      2.23     22.01  1 
 51441.157      -6.39      4.80     19.46  2 
 51444.936      -2.38      2.20     22.55  1 
 51452.796      -1.87      2.26     24.42  1 
 51463.402      -8.89      4.59     20.26  2 
 51466.380       0.60      2.23     20.78  1 
 51472.304      -3.39      2.22     23.13  1 
 51475.384      -5.77      4.51     22.64  2 
 51478.162      -2.15      2.25     22.72  1 
 51481.241      -6.54      4.59     22.28  2 
 51484.219      -3.54      2.23     25.34  1 
 51580.980      -0.85      2.32     22.80  1 
 51584.857     -12.33      4.26     22.99  2 
 51587.965      -6.81      2.57     23.93  1 
 51594.816      -3.24      2.09     21.95  1 
 51598.824      -9.22      3.79     19.04  2 
 51602.464      -2.74      2.15     22.95  1 
 51605.477       2.03      4.46     18.82  2 
 51610.982      -4.54      2.14     23.71  1 
 51618.168      -3.65      2.10     23.76  1 
 51623.108      -7.88      4.30     23.03  2 
 51626.880      -0.72      2.27     26.83  1 
 51629.891     -13.63      5.09     22.13  2 
 51633.794      -0.93      2.23     23.72  1 
 51636.804      -1.46      4.36     19.87  2 
 51641.640       3.95      2.25     23.45  1 
 51645.579      -4.92      4.45     21.02  2 
 51649.549      -2.33      2.09     22.42  0 
 51653.423      -9.86      4.20     21.12  2 
 51656.331      -3.41      2.08     21.39  1 
 51660.806      -7.74      4.33     20.30  2 
 51664.179      -4.84      2.02     21.88  1 
 51667.856     -10.16      4.14     19.02  2 
 51671.825      -0.55      1.85     22.17  1 
 51674.833       4.22      4.43     19.57  2 
 51677.740      -1.84      2.61     22.64  1 
 51683.740     -13.37      7.00     20.52  2 
 51687.709      -0.57      3.59     23.72  1 
 51690.717      -8.22      5.56     17.76  2 
 51694.487       0.65      2.64     21.84  1 
 51697.427      -1.78      7.34     20.59  2 
 51702.327      -3.87      3.41     23.82  1 
 51731.703       2.30      3.82     21.34  1 
 51739.609      -3.83      3.90     23.96  1 
 51743.546      -1.59      7.11     22.32  2 
 51747.314      -2.08      3.70     23.40  1 
 51751.450      -2.12      7.54     24.30  2 
 51755.351      -2.15      3.65     23.42  1 
 51759.488      -2.54      5.74     19.64  2 
 51763.457      -1.74      6.12     23.71  1 
 51767.531      -3.29      7.46     19.53  2 
 51771.631       2.87      3.72     22.47  1 
 51775.702      -5.23      8.22     20.60  2 
 51779.603       4.53      3.81     22.45  1 
 51783.472      -7.62      7.56     20.61  2 
 51787.372      -1.14      3.98     24.22  1 
 51791.509      -4.26      7.74     27.86  2 
 51803.177      -2.33      3.66     24.72  1 
 51807.178     -13.18      7.88     22.22  2 
 51812.008      -2.16      3.67     23.74  1 
 51815.880      -1.89      7.69     24.11  2 
 51819.781      -0.28      3.80     26.75  1 
 51823.588      -7.57      8.04     21.22  2 
 51827.619      -2.56      5.90     26.82  1 
 51831.354      -5.94      7.31     20.34  2 
 51835.386      -1.70      3.79     25.81  1 
 51839.388     -12.70      7.19     23.64  2 
 51843.285      -3.63      3.84     23.31  1 
 51847.220      -4.08      7.52     25.30  2 
 51947.085      11.06      7.70     23.31  2 
 51949.985      62.05      3.91     21.61  1 
 51953.982      20.73     12.85     24.90  2 
 51956.881      45.18      4.66     22.31  1 
 51960.809      32.30      6.72     20.72  2 
 51963.710      47.74      3.58     22.03  1 
 51967.838      71.73      7.27     20.63  2 
 51971.537      55.92      4.90     22.61  1 
 51975.336      82.90      7.42     18.20  2 
 51978.042      53.97      3.62     21.64  1 
 51982.039      55.94      7.15     41.98  2 
 51986.132      58.69      3.79     27.16  1 
 51989.929      54.48      9.09     20.51  2 
 51993.955      54.11      4.92     26.04  1 
 51996.825      56.38      9.04     23.04  2 
 51999.921      56.39      5.12     26.11  1 
 52002.923      33.72      8.26     25.76  2 
 52007.544      61.01      3.77     22.03  1 
 52011.737      64.75      9.17     23.06  2 
 52014.503      26.19      4.35     28.11  1 
 52017.436      47.30      6.93     20.79  2 
 52020.667      60.71      4.90     24.86  1 
 52024.932      46.21      8.66     20.91  2 
 52027.828      61.68      4.94     24.09  1 
 52031.097      48.05      9.19     23.96  2 
 52035.055      69.54      5.07     21.71  1 
 52037.922     121.20     10.46     20.35  2 
 52041.019     151.03      6.41     21.32  1 
 52043.820     131.40      8.35     19.75  2 
 52047.911     176.79      6.81     23.27  1 
 52051.839      89.86      7.69     19.42  2 
 52055.730      50.90      4.84     25.81  1 
 52059.654      36.57      8.94     20.53  2 
 52062.553      92.31      8.61     21.30  1 
 52065.552      29.10      8.41     20.90  2 
 52090.868      56.64     13.49     69.32  2 
 52093.915      59.33     13.29     64.82  2 
 52097.673      87.01      4.43     22.94  1 
 52101.667      95.46      9.62     20.14  2 
 52104.430      73.09      5.56     23.98  1 
 52107.561      71.07      9.04     21.89  2 
 52111.319      74.09      5.55     24.45  1 
 52115.376       6.76      8.30     21.33  2 
 52119.333      19.23      4.28     23.07  1 
 52122.397      15.80      8.48     20.70  2 
 52125.162      32.04      4.47     21.74  1 
 52129.555      27.46      8.79     25.03  2 
 52132.585      42.45      4.75     21.12  1 
 52135.587      31.36      8.63     21.21  2 
 52139.676      68.69      5.22     21.42  1 
 52143.601      52.94      9.34     19.83  2 
 52146.630      57.08      4.01     24.75  1 
 52150.622     166.57     12.03    155.96  2 
 52153.584     152.69      6.75     22.31  1 
 52156.318     114.61     10.71     27.47  2 
 52160.207      92.14      4.52     25.66  1 
 52163.336     125.66      8.66     21.01  2 
 52167.093     103.94      4.63     24.40  1 
 52170.090      91.78     10.62     21.85  2 
 52173.914      42.77      4.77     22.01  1 
 52177.905      50.64      9.53     17.93  2 
 52182.325      30.05      4.45     24.07  1 
 52184.730      25.03      8.32     23.61  2 
 52189.480      32.93      4.50     23.76  1 
 52192.610      24.46      6.66     19.61  2 
 52195.438      46.84      4.84     22.51  1 
 52198.501      46.52      8.95     44.68  2 
 52202.255      79.40      5.41     19.99  1 
 52205.384      90.15      9.95     25.17  2 
 52209.205      80.20      5.58     25.50  1 
 52212.332      25.79      8.60     19.51  2 
 52311.908     112.54      5.92     21.06  1 
 52315.030      76.05      9.44     21.22  2 
 52317.985     109.34      5.93     27.50  1 
 52322.691      76.77      9.76     20.02  2 
 52325.580      79.29      5.29     22.77  1 
 52328.768      31.50      8.37     20.77  2 
 52331.789      27.82      4.12     23.23  1 
 52335.968      22.92      8.12     20.17  2 
 52339.981      41.92      4.56     21.30  1 
 52343.173      40.61      8.49     22.49  2 
 52345.994      30.07      7.17     28.04  1 
 52351.031      39.90      8.64     23.73  2 
 52353.984      49.84      4.74     23.17  1 
 52357.963      50.88      6.72     19.36  2 
 52360.916      50.47      4.83     25.39  1 
 52363.904      46.29      8.50     21.28  2 
 52367.648      50.70      4.84     23.27  1 
 52384.362      40.96      8.66     26.33  2 
 52387.317      44.08      4.74     22.85  1 
 52390.372      42.60      8.76     22.02  2 
 52393.853      47.86      4.67     24.72  1 
 52398.096      34.34      9.19     25.28  2 
 52402.036      53.28      4.69     25.50  1 
 52405.023      47.40      8.78     22.16  2 
 52411.884     141.66     10.83     21.80  2 
 52414.835     128.70      6.21     22.78  1 
 52422.420     110.76      5.90     30.97  1 
 52426.591      32.81      8.28     22.17  2 
 52430.532      38.10      4.40     23.68  1 
 52455.882      18.08     11.82    134.56  2 
 52462.741      35.04      6.04     23.41  2 
 52465.691      28.20      3.66     24.23  1 
 52468.609      40.43      8.25     24.81  2 
 52472.548      53.01      5.05     25.03  1 
 52476.389      48.87      6.88     22.17  2 
 52479.339      74.96      4.02     21.63  1 
 52486.462      44.96      4.81     23.23  1 
 52490.106      32.51      8.75     21.31  2 
 52493.453      45.38      4.82     21.14  1 
 52496.639      42.97      9.06     19.12  2 
 52500.578      77.70      5.24     14.03  1 
 52504.683      37.43      9.01     20.10  2 
 52507.698      43.00      4.75     22.34  1 
 52510.615      42.13      8.91     20.16  2 
 52513.433      53.68      3.73     20.88  1 
 52516.351      39.13      6.69     19.68  2 
 52520.289      54.39      3.91     23.11  1 
 52524.392      55.08      9.61     22.48  2 
 52528.132      50.07      5.07     26.86  1 
 52532.300      54.69      9.43     22.75  2 
 52535.909      44.17      4.76     23.85  1 
 52539.286      28.63      8.77     19.20  2 
 52542.830      52.34      5.05     21.12  1 
 52546.476      50.60      8.95     19.74  2 
 52549.423      50.54      4.81     23.17  1 
 52552.607      44.64      9.46     19.95  2 
 52556.542      46.76      4.74     22.70  1 
 52560.380      39.12      8.67     20.05  2 
 52575.136      41.59      6.73     23.86  2 
 52578.214      40.37      4.68     25.85  1 
 52677.830      47.99      3.56     20.38  1 
 52680.807      41.31      6.66     18.93  2 
 52683.619      47.00      4.66     23.84  1 
 52686.728      25.50      8.58     22.45  2 
 52689.804      47.92      4.60     23.09  1 
 52692.650      50.33      6.75     18.70  2 
 52695.398      52.92      4.84     22.22  1 
 52713.973      50.48      6.83     19.60  2 
 52716.917      40.00      4.50     21.85  1 
 52720.946      35.01      8.09     20.16  2 
 52723.889      46.81      3.66     24.07  1 
 52727.918      39.59      8.50     19.86  2 
 52730.729      37.04      4.33     21.03  1 
 52734.560      39.01      6.53     19.88  2 
 52737.701      53.58      3.59     22.73  1 
 52741.662      42.20      8.68     20.63  2 
 52745.724      47.58      4.57     22.24  1 
 52747.848      34.64      6.69     20.59  2 
 52751.844      76.39      1.59     19.30  1 
 52755.219      44.59      7.18     23.42  2 
 52758.884      48.82      3.51     24.01  1 
 52761.992      53.95      7.08     19.51  2 
 52764.803      71.56      3.90     23.30  1 
 52772.628      65.75      3.88     24.13  1 
 52776.591      52.10      8.73     26.26  2 
 52779.728      37.00      3.44     25.60  1 
 52783.427      29.03      6.20     21.39  2 
 52786.501      33.90      4.27     22.86  1 
 52790.593      34.10      6.58     20.16  2 
 52793.535      44.21      3.91     21.17  1 
 52796.577      33.68      6.12     21.29  2 
 52823.671      41.00      6.67     23.57  2 
 52826.546      48.58      3.75     26.21  1 
 52829.522       4.50      5.96     19.46  2 
 52833.448      51.35      4.96     21.29  1 
 52836.422      49.37      6.49     22.55  2 
 52839.430      60.18      4.98     18.41  1 
 52843.324      43.18      6.74     24.13  2 
 52846.465      36.68      4.52     20.55  1 
 52849.642      55.35      6.80     19.17  2 
 52853.566      47.10      3.61     22.07  1 
 52857.728      35.15     11.60     19.12  2 
 52861.851      45.42      3.59     22.83  1 
 52865.615      32.81      6.78     19.29  2 
 52868.555      38.63      3.56     25.34  1 
 52871.597      50.13      6.74     21.83  2 
 52874.405      57.99      4.00     19.94  1 
 52879.418      51.64      9.03     18.44  2 
 52883.409      49.67      4.87     21.94  1 
 52886.383      36.24      6.94     18.39  2 
 52889.258      54.84      3.65     19.21  1 
 52892.297      39.81      9.11     20.19  2 
 52895.237      43.95      3.66     20.60  1 
 52898.870      17.92      8.39     21.23  2 
 52901.351      42.23      3.73     22.99  1 
 52905.513      27.35      6.39     22.51  2 
 52909.439      46.16      3.68     21.46  1 
 52912.677      46.10      6.97     19.41  2 
 52916.537      42.13      3.70     24.55  1 
 52919.576      52.04      8.96     19.55  2 
 52923.305      53.51      3.95     23.84  1 
 52927.264      44.33      6.77     19.48  2 
 52930.138      48.33      4.82     21.85  1 
 52934.163      37.25     13.13     20.67  2 
 52937.168      49.33      3.70     21.68  1 
 52941.191      40.52      6.70     24.06  2 
 52945.117      39.91      3.59     23.61  1 
 53042.672      36.90      6.69     18.79  2 
 53045.872      53.54      3.57     22.47  1 
 53049.962      48.25      6.59     22.68  2 
 53052.898      54.94      3.63     22.46  1 
 53056.532      50.27      6.80     21.43  2 
 53059.271      53.67      4.73     21.76  1 
 53063.295      46.82      9.02     20.04  2 
 53067.020      54.04      3.63     22.98  1 
 53070.188      52.83      9.19     20.51  2 
 53074.110     134.91      4.80     27.07  1 
 53077.082     133.18      8.29     21.38  2 
 53080.018     111.24      5.87     22.79  1 
 53083.843     126.90     10.74     20.40  2 
 53087.764     125.63      6.12     27.26  1 
 53091.588     112.70      8.23     22.64  2 
 53095.575      81.86      4.06     23.14  1 
 53098.741      55.16      6.80     21.74  2 
 53102.336      33.60      3.30     21.78  1 
 53106.886      29.99      6.11     16.68  2 
 53110.873      39.57      3.36     22.40  1 
 53113.979     100.00      7.62     25.95  2 
 53116.914      83.22      3.96     20.04  1 
 53120.082      82.80     10.02     19.60  2 
 53123.806     140.26      4.80     23.81  1 
 53127.760      64.64      8.97     20.82  2 
 53131.878     104.68      4.42     22.05  1 
 53134.586      77.13      7.70     20.07  2 
 53137.719      82.57      4.09     25.28  1 
 53140.558      70.07      7.22     20.96  2 
 53143.494      39.24      3.36     22.82  1 
 53147.447      73.83     10.03     19.18  2 
 53150.450      67.32      4.87     22.02  1 
 53154.651     111.89      4.43     23.46  1 
 53157.756      59.23      6.75     19.82  2 
 53189.520      33.31      5.93     19.61  2 
 53193.243      45.67      3.58     21.20  1 
 53197.261      42.14      8.47     18.12  2 
 53200.198      43.22      3.59     24.69  1 
 53204.549      52.74      6.55     18.04  2 
 53207.550      56.20      3.77     20.22  1 
 53214.575     162.77      6.79     21.59  1 
 53218.661     204.83      9.56     19.55  2 
 53222.647     219.27      5.76     21.75  1 
 53225.747     158.87      8.84     20.12  2 
 53229.601     192.49      7.25     27.43  1 
 53233.358     149.91      8.82     19.57  2 
 53236.491     111.62      6.25     32.33  1 
 53239.460     161.70     20.02     14.06  2 
 53243.379     155.10      4.34     26.23  1 
 53247.332     143.54      8.82     21.58  2 
 53250.267      71.40      3.95     21.13  1 
 53254.352      29.68      8.35     21.41  2 
 53257.355      42.36      3.45     17.57  1 
 53260.525      36.79      6.65     28.50  2 
 53264.444      51.77      3.83     23.91  1 
 53267.547      50.32      6.92     19.34  2 
 53270.744      44.65      7.88     28.75  1 
 53274.435      72.52      7.29     20.16  2 
 53277.567     236.65      6.03     19.79  1 
 53281.322     224.33      9.74     19.77  2 
 53285.439     164.10      7.10     25.12  1 
 53289.129     239.90     13.09     19.27  2 
 53292.195     176.01      5.29     25.11  1 
 53295.163     169.94     11.95     24.28  2 
 53298.164     142.38      6.52     23.19  1 
 53304.133     126.83      4.70     24.42  1 
 53307.759      93.67      7.78     22.22  2 
 53413.008     137.71      4.84     24.92  1 
 53417.095      81.18      9.60     20.04  2 
 53420.027     109.70      4.37     21.41  1 
 53423.126     131.86      8.26     19.76  2 
 53426.977     131.94      4.76     27.41  1 
 53430.927      77.54      7.11     20.13  2 
 53433.860      99.02      4.41     24.35  1 
 53437.811     189.08      8.96     22.16  2 
 53445.677     126.13     10.97     21.14  2 
 53448.545     182.01      6.87     22.94  1 
 53452.756     139.37      8.33     18.63  2 
 53455.689     140.45      4.76     21.96  1 
 53459.445     172.01      8.69     21.98  2 
 53462.838     158.75     10.64     20.93  1 
 53469.266     141.36      4.74     21.49  1 
 53472.037      97.87      7.66     19.91  2 
 53475.953     129.89      4.67     28.58  1 
 53479.838     122.11      7.92     19.53  2 
 53482.967     109.79      4.47     23.25  1 
 53486.916     113.26      7.74     19.97  2 
 53489.784     108.02      5.85     22.67  1 
 53493.537      89.97     10.12     19.20  2 
 53497.453     103.89      4.35     26.02  1 
 53501.401     162.24     11.54     20.20  2 
 53505.580      92.01      5.46     29.11  1 
 53508.350     177.12      8.78     22.95  2 
 53510.628      82.20      5.31     25.09  1 
 53514.122      71.32      6.96     17.88  2 
 53518.826      94.32      4.11     21.61  1 
 53521.972      85.21      3.97     20.83  1 
 53554.430     147.19     18.35     22.98  2 
 53558.411     125.03      6.41     27.64  1 
 53562.034     136.93     10.67     19.20  2 
 53565.099     135.96      5.19     19.50  1 
 53569.707     125.04     19.00    155.69  2 
 53572.639     122.55      4.65     18.41  1 
 53575.867      82.68     19.44     27.77  2 
 53579.586     122.05      6.23     20.17  1 
 53582.551      98.66     10.05     19.96  2 
 53585.615     151.46      6.81     18.33  1 
 53589.629     202.48      9.43     19.76  2 
 53592.496     127.94     10.44     20.84  1 
 53598.328     116.94      4.61     22.10  1 
 53602.144     154.13      8.91     19.34  2 
 53605.207     106.61      6.15     23.47  1 
 53609.352     134.44     19.09     16.66  2 
 53613.401     155.57     10.82     17.90  1 
 53616.700     148.61      8.75     16.67  2 
 53620.482     198.40      5.45     17.33  1 
 53624.563      59.10      9.41     20.09  2 
 53627.691      96.90      4.51     21.55  1 
 53631.442     128.83     10.96     19.68  2 
 53634.571     117.24      4.82     23.17  1 
 53638.322      15.92     12.93   1093.77  2 
 53642.171      94.80      4.49     22.13  1 
 53646.120      30.25      6.66     19.06  2 
 53649.182      41.40      3.63     22.50  1 
 53652.211      26.75      6.55     21.98  2 
 53659.289      98.80     10.24     19.55  2 
 53662.220     113.18      5.80     22.77  1 
 53666.435      63.57      9.44     20.54  2 
 53670.546      42.65      4.49     21.15  1 
 53673.447      41.27      6.78     19.45  2 
 53775.131     111.69      7.76     19.56  2 
 53778.258     155.47      6.40     20.87  1 
 53781.092     154.67      8.57     20.00  2 
 53785.005     159.11      6.65     23.58  1 
 53787.904     109.67     16.44     21.53  2 
 53791.882     159.11      6.72     21.97  1 
 53794.846      64.30      9.38     20.15  2 
 53798.891      79.41      8.77     24.02  1 
 53801.855      74.15      9.73     17.25  2 
 53805.767      36.52      7.19     22.78  1 
 53809.779      27.91     12.81     17.88  2 
 53812.448      28.55      7.32     24.41  1 
 53816.923      49.07     14.40     19.95  2 
 53819.854      46.68      7.66     22.95  1 
 53822.953      51.76      9.02     18.92  2 
 53826.276      42.95      7.74     25.13  1 
 53829.961      39.53     14.09     19.71  2 
 53833.873      47.86      4.74     24.37  1 
 53836.903     109.30     16.19     21.20  2 
 53840.751     209.63      7.87     20.31  1 
 53844.894     112.84      7.93     22.42  2 
 53847.823      84.14      4.67     51.37  1 
 53851.508      88.54     10.36     19.71  2 
 53854.503      85.27      5.76     21.66  1 
 53858.645      39.61      8.86     20.03  2 
 53861.576      61.47      3.73     21.09  1 
 53864.409      48.95      9.13     17.82  2 
 53868.782      98.66      9.12     21.65  1 
 53875.794      22.50      4.23     21.13  1 
 53878.824      20.44      8.10     19.13  2 
 53881.951      30.64      4.38     19.14  1 
 53884.981      16.03     13.66    170.87  2 
 53887.911      34.55      4.60     21.46  1 
 53890.808      33.40     10.08     71.60  2 
 53893.558      68.84     14.62     87.15  2 
 53918.643      33.91      8.49     22.49  2 
 53923.690      36.63      8.61     19.30  2 
 53927.667      23.64      4.46     21.83  1 
 53930.697      12.41     16.31    194.45  2 
 53933.692      61.51      5.49     22.78  1 
 53937.572      49.06     18.55    265.27  2 
 53941.616      79.02      5.96     22.22  1 
 53945.561      44.20     14.22     19.72  2 
 53949.539      24.95      4.65     23.07  1 
 53952.436      -5.16      8.00     25.65  2 
 53958.395      24.44      9.28     17.99  2 
 53962.242      22.97      3.18     19.61  1 
 53965.402       3.26      8.12     21.20  2 
 53969.447      22.89      4.47     20.75  1 
 53972.546      22.07      8.81     22.40  2 
 53975.541      35.89      4.73     19.24  1 
 53980.536      45.52      9.75     19.59  2 
 53983.662      53.23      5.28     23.83  1 
 53987.673     189.94     13.63     19.36  2 
 53991.454     158.78      7.35     20.59  1 
 53995.267     114.86     11.86     19.55  2 
 53998.394      83.08      5.96     22.06  1 
 54002.208      55.99     12.15     19.43  2 
 54005.138      33.38      4.84     25.71  1 
 54008.101      68.27     10.74     23.41  2 
 54011.162      51.70      5.23     24.51  1 
 54015.828      87.25     11.16     17.48  2 
 54019.873      59.69      5.49     24.89  1 
 54022.841      60.08     10.01     18.11  2 
 54026.359      96.37      6.06     19.21  1 
 54029.454      45.21      9.66     19.37  2 
 54032.319      38.41      4.85     23.25  1 
 54035.413      28.31      8.94     19.37  2 
 54038.407      57.97      5.67     32.05  1 
 54139.241     117.21      6.47     21.44  1 
 54142.203      55.97      9.17     19.60  2 
 54145.918     173.58      7.37     19.21  1 
 54149.012     141.90     11.66     28.00  2 
 54152.726     105.89      6.11     19.02  1 
 54155.753      80.54     10.37     18.33  2 
 54162.625     127.97     11.38     20.16  2 
 54166.471     208.15      3.29     19.06  1 
 54170.484     108.84     10.82     17.21  2 
 54174.265     128.57      6.56     17.82  1 
 54178.082     111.12     10.98     19.53  2 
 54180.945     110.64      6.19     20.17  1 
 54184.170      67.07      9.60     19.44  2 
 54188.146     121.73      6.51     22.52  1 
 54191.042     138.08     11.45     19.77  2 
 54194.757     127.67      6.65     23.41  1 
 54197.784     130.22     11.27     26.50  2 
 54201.630     102.54      6.28     29.70  1 
 54204.788      50.83      9.37     22.65  2 
 54208.502      75.98      5.66     27.87  1 
 54212.445      59.20      9.21     20.09  2 
 54216.356      46.45      4.87     20.47  1 
 54219.712      27.37      8.56     24.49  2 
 54222.773      37.50      4.74     21.83  1 
 54225.937      93.51     10.36     17.87  2 
 54229.912      86.71      8.73     23.65  1 
 54233.006      96.50     10.46     19.39  2 
 54236.785     148.21      6.95     23.64  1 
 54240.795     115.34     10.72     19.69  2 
 54243.789     117.88      6.41     23.91  1 
 54247.601      80.84      9.95     19.42  2 
 54251.642      41.88      4.88     24.81  1 
 54255.652      17.49      7.84     20.22  2 
 54283.737     146.80     20.66    -85.57  2 
 54289.610     111.53      6.57     26.91  1 
 54292.703     183.28     22.08   -132.10  2 
 54296.482     150.35      7.23     22.08  1 
 54299.443     117.17     11.13     38.50  2 
 54302.373      64.34      5.44     15.73  1 
 54305.333      67.62     10.47     19.60  2 
 54308.262      70.97      5.59     18.91  1 
 54312.140      73.85     10.61     18.30  2 
 54316.115      76.75      5.83     20.53  1 
 54319.405      74.48     10.70     20.60  2 
 54322.533      83.41      6.13     23.94  1 
 54325.563      36.86      9.32     19.63  2 
 54329.539      64.10      5.55     25.81  1 
 54333.549      45.18     15.20     19.50  2 
 54336.543      48.76      5.28     24.16  1 
 54340.683      44.91     15.07     20.02  2 
 54344.396      28.46      4.70     22.73  1 
 54347.554      35.19      9.28     19.65  2 
 54352.380      17.03      4.37     23.70  1 
 54356.389       7.31      8.40     26.02  2 
 54359.317      16.55      4.26     21.19  1 
 54362.998      -0.39      8.17     25.54  2 
 54366.253      11.88      4.27     27.39  1 
 54369.348       7.13      8.63     26.27  2 
 54372.276      26.44      4.57     21.09  1 
 54379.414      23.37      4.59     27.73  1 
 54383.490      22.54      9.06     19.55  2 
 54386.680      28.63      4.76     29.10  1 
 54390.558      11.78      8.23     18.75  2 
 54393.306       7.46      8.14     19.61  2 
 54397.412       8.63      4.27     28.16  1 
 54401.142       3.58      4.16     31.81  1 
 54404.301      15.61      8.61     24.56  2 
 54504.809      23.41      4.64     30.84  1 
 54508.752      22.76      8.72     32.81  2 
 54511.744      49.42      5.17     28.93  1 
 54518.483      52.95      5.14     23.39  1 
 54521.971      22.93      8.17     20.63  2 
 54525.356      14.46      4.11     22.71  1 
 54529.042       6.88      7.57     22.32  2 
 54532.951      30.27      4.51     22.29  1 
 54536.306      11.79      7.99     19.85  2 
 54540.215       2.67      3.88     26.31  1 
 54543.111      11.56      7.59     19.22  2 
 54546.823      -5.36      3.64     24.89  1 
 54550.765       8.88      7.82     19.43  2 
 54553.824      -3.75      3.61     23.65  1 
 54556.655     -10.24      7.04     22.44  2 
 54560.563       0.96      3.63     21.77  1 
 54564.504     -10.44      6.81     20.38  2 
 54568.676       0.59      3.62     23.67  1 
 54571.702     -16.19      6.59     22.04  2 
 54575.351      -2.59      3.58     20.98  1 
 54578.905      -6.18      7.13     21.76  2 
 54581.898      -7.99      3.35     22.94  1 
 54584.861      -8.21      6.86     19.03  2 
 54591.861     -26.73     11.22     29.24  2 
 54595.835      -7.19      3.47     22.70  1 
 54598.796      -6.19      7.01     19.56  2 
 54602.705      -2.30      3.55     21.19  1 
 54606.517      -9.00      6.96     19.68  2 
 54609.640       1.15      3.48     19.78  1 
 54613.516     -13.38      6.87     19.38  2 
 54616.574       0.55      3.45     20.68  1 
 54620.255       9.63      7.41     15.97  2 
 54623.330     -11.26      6.32     16.88  2 
 54650.749      -6.84     13.97      4.28  2 
 54653.481      -4.98      3.70     24.23  1 
 54656.441     -13.24      6.75     36.93  2 
 54659.434      -4.27      3.60     22.25  1 
 54662.460      -2.10      7.19     23.91  2 
 54665.321      -9.06      3.56     25.87  1 
 54669.459     -16.13      6.91     21.53  2 
 54672.453       2.53      3.71     19.41  1 
 54676.594      -7.52      7.58     18.39  2 
 54679.522      -2.30      3.82     22.87  1 
 54682.682      -5.12      7.97     19.12  2 
 54686.919      -1.49      3.65     21.67  1 
 54691.581      -5.71      7.61     19.37  2 
 54694.704      -1.93      3.66     20.15  1 
 54698.515      -9.98      7.68     19.58  2 
 54701.573       4.60      3.92     19.35  1 
 54705.318     -16.37      7.73     19.30  2 
 54708.377       1.73      3.86     21.80  1 
 54711.270     -20.07      7.43     19.86  2 
 54715.245      -3.30      3.73     25.90  1 
 54719.252      -0.36      8.36     19.90  2 
 54723.226      -1.06      3.63     21.38  1 
 54727.433     -13.50      7.45     18.18  2 
 54730.426      -6.72      3.63     22.85  1 
 54733.521      -2.86      8.01     19.95  2 
 54737.430       6.88      3.83     19.41  1 
 54743.645       2.56      3.72     18.87  1 
 54747.325      -8.57      7.50     19.23  2 
 54750.253      -5.94      3.63     23.88  1 
 54753.213     -17.67      7.39     19.41  2 
 54757.187       1.00      3.74     20.63  1 
 54761.128      -0.07      8.46     22.96  2 
 54765.036       2.21      3.72     22.06  1 
 54768.977       2.04      8.34     19.84  2 
 54870.824       2.78      3.87     27.93  1 
 54873.850      -0.56      7.35     23.99  2 
 54876.908      -3.04      3.61     21.90  1 
 54880.068      -6.05      7.19     23.00  2 
 54884.370       4.06      3.73     21.39  1 
 54887.332     -17.16      6.87     19.70  2 
 54890.324      -0.74      3.62     22.46  1 
 54894.070     -10.40      6.92     19.73  2 
 54896.146      -5.30      3.52     24.60  1 
 54900.152     -11.60      6.87     19.64  2 
 54905.761      -4.47      3.60     24.35  1 
 54908.918     -17.93      6.35     22.69  2 
 54911.713      -3.25      3.57     23.87  1 
 54914.738     -11.10      6.96     25.85  2 
 54918.711      -2.77      3.65     26.45  1 
 54925.710      -2.60      3.65     26.43  1 
 54929.850     -11.24      6.95     25.22  2 
 54933.890       4.53      3.97     26.87  1 
 54936.983      -5.80      7.06     19.43  2 
 54939.845       1.46      3.61     21.73  1 
 54942.936     -15.01      6.80     19.76  2 
 54947.890       5.04      3.73     20.48  1 
 54951.765     -12.34      6.74     19.39  2 
 54954.692       0.94      3.70     20.51  1 
 54961.756      -3.28      3.69     25.81  1 
 54968.623       3.26      3.60     20.63  1 
 54971.647      -2.45      7.05     24.43  2 
 54975.556      -2.20      3.51     24.11  1 
 54982.689      -5.88      3.55     24.44  1 
 54985.784       9.29      7.37     16.73  2 
 54989.838      -3.59     11.33     10.84  2 
 55014.559      -5.48     13.23     54.14  2 
 55017.487      -3.09      3.81     30.14  1 
 55020.380      -1.76      7.48     26.99  2 
 55025.400      -9.33      3.70     32.95  1 
 55028.627       1.79      7.47     24.67  2 
 55031.551       7.61      4.17     25.47  1 
 55034.711      -9.26      7.10     23.43  2 
 55038.619      -8.02      3.97     37.16  1 
 55042.691      -4.95      7.71     19.65  2 
 55045.552       3.63      4.23     34.27  1 
 55048.577       0.15      7.82     19.09  2 
 55052.615       3.53      4.14     26.41  1 
 55055.444       2.39      8.23     19.28  2 
 55058.436      -0.41      4.31     37.63  1 
 55061.460     -11.53      7.42     22.76  2 
 55064.256      -3.08      3.81     27.36  1 
 55067.411      -8.42      7.61     33.09  2 
 55071.319       2.67      3.87     25.37  1 
 55074.343      -7.99      8.00     27.80  2 
 55078.317       1.28      3.94     28.15  1 
 55081.476       4.66      8.66     25.56  2 
 55085.778      -1.10      3.88     30.21  1 
 55088.674     -15.58      7.32     19.21  2 
 55092.712      -0.96      3.95     31.65  1 
 55106.250      -7.47      3.88     34.97  1 
 55110.190     -15.67      7.51     20.41  2 
 55113.313      -8.58      3.80     32.72  1 
 55116.271      -5.37      8.09     23.41  2 
 55120.114      -1.34      4.11     38.17  1 
 55124.184     -12.67      7.73     43.12  2 
 55127.830      -0.85      3.94     29.82  1 
 55134.243      -1.77      4.37     41.71  1 
 55235.418      -1.66      3.58     22.76  1 
 55241.176      -4.31      3.52     22.43  1 
 55244.332       2.33      7.78     19.56  2 
 55249.219      -9.33      3.37     24.49  1 
 55252.178      -4.31      7.22     19.45  2 
 55254.907      -6.27      3.51     22.73  1 
 55261.772      -6.73      3.53     23.59  1 
 55264.730     -12.63      7.01     19.81  2 
 55268.833       1.52      3.60     20.39  1 
 55271.791       3.97      7.65     22.35  2 
 55275.698       1.70      3.66     22.13  1 
 55282.826      -4.24      3.55     23.62  1 
 55286.378      -0.24      7.20     18.12  2 
 55290.938      -6.62      3.53     23.63  1 
 55293.963      -8.13      6.83     19.21  2 
 55297.019       2.59      3.60     20.25  1 
 55299.913     -12.06      6.58     19.62  2 
 55306.907     -11.00      6.74     19.86  2 
 55310.617       0.24      3.72     23.33  1 
 55313.836      -5.58      7.19     19.94  2 
 55317.481      -1.91      3.59     24.62  1 
 55320.439      -2.85      7.09     20.91  2 
 55324.541      -6.18      3.47     25.52  1 
 55327.629      -3.94      7.06     23.63  2 
 55331.667      -4.13      3.63     25.73  1 
 55335.807     -12.46      6.88     29.64  2 
 55339.778      -6.31      3.67     29.60  1 
 55342.803     -12.60      6.61     19.43  2 
 55345.729       0.85      3.78     29.39  1 
 55348.883      -7.80     11.79     58.31  2 
 55354.636      -6.06     11.22     19.00  2 
 55383.663      -8.37      6.81     22.58  2 
 55387.634      -2.30      3.68     20.98  1 
 55391.772     -32.33     13.95    179.85  2 
 55395.677      -1.83      3.58     21.05  1 
 55398.636     -32.20     15.41    520.04  2 
 55402.802       2.29      3.80     19.85  1 
 55406.610     -17.68      6.93     19.19  2 
 55408.620      -6.72      3.68     24.26  1 
 55411.446      -7.33      7.49     22.76  2 
 55415.482      -7.33      3.60     24.40  1 
 55418.243       4.54      8.45     18.67  2 
 55422.345      -1.01      3.74     24.80  1 
 55425.366      -4.64      8.03     17.35  2 
 55429.339      -8.96      3.52     27.17  1 
 55432.563     -16.90      7.35     18.52  2 
 55436.467      -5.20      3.66     22.37  1 
 55439.950     -17.18      7.39     21.66  2 
 55444.706      -2.07      3.61     21.64  1 
 55447.534     -10.93      7.70     25.71  2 
 55450.458      -7.76      3.51     23.41  1 
 55453.612     -10.70      7.55     22.85  2 
 55457.321      -7.28      3.65     23.28  1 
 55460.277     -13.53      7.14     19.46  2 
 55464.380       0.00      3.81     21.01  1 
 55468.316     -15.37      7.36     23.26  2 
 55471.242      -3.16      3.66     23.88  1 
 55478.169       1.53      3.75     21.74  1 
 55482.373     -11.77      7.44     22.29  2 
 55485.294      -2.49      3.77     23.21  1 
 55488.582      -1.70      7.68     19.37  2 
 55491.703      -1.17      3.67     22.99  1 
 55495.577      -4.98      7.93     21.11  2 
 55499.285       3.03      3.73     20.41  1 
 55600.121      -3.62      3.75     28.00  1 
 55603.274       4.35      7.44     22.98  2 
 55607.178      -7.76      3.46     23.68  1 
 55611.113      -3.83      7.31     25.19  2 
 55614.756      -0.86      3.64     22.31  1 
 55618.756      -9.95      7.28     21.61  2 
 55629.650       3.83      3.60     18.84  1 
 55633.916     -15.07      6.89     21.68  2 
 55636.903      -4.50      3.66     24.60  1 
 55640.385     -10.88      6.84     22.59  2 
 55643.963      -3.55      3.68     26.94  1 
 55647.116     -13.47      7.01     25.24  2 
 55650.887      -1.24      3.76     27.45  1 
 55654.104       0.69      7.24     22.11  2 
 55657.811      -1.35      3.79     25.49  1 
 55661.941      -8.05      6.59     37.37  2 
 55664.669      -5.04      3.70     30.48  1 
 55668.602       1.07      7.81     19.24  2 
 55671.721      -6.66      3.40     22.56  1 
 55675.523      -7.60      7.36     21.80  2 
 55678.643       0.04      3.47     20.46  1 
 55681.662       2.32      7.47     20.34  2 
 55685.305      -5.78      3.45     21.07  1 
 55689.897     -11.93      6.73     19.01  2 
 55692.820       0.82      3.52     19.64  1 
 55696.887      -1.05      7.26     19.82  2 
 55700.788      -4.56      3.44     22.87  1 
 55703.807     -12.97      6.66     19.60  2 
 55706.926      -2.59      3.52     20.95  1 
 55710.663       0.05      7.06     19.17  2 
 55713.781      -4.46      3.49     20.60  1 
 55719.672       0.90      6.59     20.08  2 
 55744.751       9.22      7.32     18.52  2 
 55750.676      -6.61      3.55     23.30  1 
 55754.609      -7.15      6.65     18.76  2 
 55759.489       0.26      3.89     22.16  1 
 55762.638      -5.22      6.90     19.41  2 
 55767.453      -2.13      3.82     24.03  1 
 55769.492      -8.63      7.25     18.98  2 
 55773.198       4.13      3.82     20.94  1 
 55780.247       1.09      3.63     20.11  1 
 55783.464       5.74      8.43     19.60  2 
 55797.570       2.84      7.93     16.76  2 
 55801.535      -2.28      3.59     20.64  1 
 55804.684      -3.14      7.86     19.36  2 
 55808.454      -0.86      3.75     21.29  1 
 55811.537     -10.60      7.54     20.37  2 
 55818.389      -1.57      7.90     18.90  2 
 55822.094      -1.75      3.63     22.69  1 
 55825.307      -2.98      8.01     24.24  2 
 55829.207      -3.44      3.69     27.05  1 
 55832.292      -6.40      7.82     20.18  2 
 55836.323      -9.60      3.49     24.29  1 
 55839.408      -8.71      7.69     23.68  2 
 55843.504      -3.06      3.45     20.00  1 
 55846.719      -8.22      7.64     22.66  2 
 55850.422      -3.00      3.57     21.58  1 
 55857.272       0.30      3.69     19.89  1 
 55860.419      -6.67      7.58     18.78  2 
 55864.187       0.18      3.70     20.16  1 
