; SOURCE: XTE J1719-291
; SOURCE RA:       259.889     SOURCE DEC:      -29.0600
; CREATION DATE: Fri Nov  4 01:45:09 2011
; DATE(MJD) RATE ERROR BKG SCANTYPE EBAND
 51214.852       3.69      2.28      5.46  1 
 51217.784      -0.53      2.82      6.28  1 
 51220.715      -0.54      2.86      6.27  1 
 51224.779      -1.17      2.37      4.90  1 
 51227.711      -1.13      2.37      6.18  1 
 51231.641       3.26      3.02      4.27  2 
 51234.773       0.37      2.10      4.94  1 
 51238.441       8.03      3.34      5.24  2 
 51241.306      -2.36      2.71      5.11  1 
 51245.308       2.96      2.98      5.67  2 
 51248.171       0.30      2.47      6.03  1 
 51252.171      -2.35      3.17      5.85  2 
 51255.833      -3.66      2.62      6.96  1 
 51259.964      -5.78      2.88      7.51  2 
 51262.762      -3.67      2.15      6.40  1 
 51265.826       2.08      3.06      6.45  2 
 51269.756       0.08      2.59      6.07  1 
 51273.753       4.16      3.58      6.80  2 
 51276.550       1.64      2.32      6.21  1 
 51280.480      -0.30      3.26      6.63  2 
 51283.477      -0.74      2.86      5.86  1 
 51287.408      -1.04      3.31      5.83  2 
 51290.207       1.36      2.55      6.34  1 
 51294.275       0.31      3.44      5.17  2 
 51297.805      -1.59      2.77      4.52  1 
 51301.006      -4.40      4.29      6.66  2 
 51303.935      -0.02      2.75      6.75  1 
 51308.932       1.26      3.34      6.07  2 
 51311.661      -2.54      2.41      5.90  1 
 51313.861       1.09      3.53      6.09  2 
 51318.655      -6.90      2.50      5.46  1 
 51322.585      -1.82      3.59      6.79  2 
 51325.449       1.92      3.54      5.54  1 
 51328.578       3.80      4.70      5.35  2 
 51332.375       3.10      2.87      4.49  1 
 51336.303      -2.82      3.73      6.02  2 
 51338.436       0.99      3.51      5.76  1 
 51343.634      -8.71      4.99      4.05  2 
 51346.634      -0.37      5.32      5.52  2 
 51364.618      -8.21      5.47      6.21  2 
 51367.614       4.35      2.78      4.21  1 
 51370.545       2.94      4.39      7.79  2 
 51374.473      -0.88      2.81      6.44  1 
 51377.469      -1.45      4.98      5.85  2 
 51381.747      -2.49      3.07      7.11  1 
 51385.836     -11.89      4.74      6.73  2 
 51389.255       1.32      2.79      5.64  1 
 51392.119      -5.88      3.77      5.45  2 
 51396.382       2.81      2.97      5.26  1 
 51399.583       4.18      5.34      5.85  2 
 51402.579       2.63      3.07      6.20  1 
 51405.579      -6.56      4.01      7.14  2 
 51408.507       3.50      2.89      5.09  1 
 51411.705       0.62      4.08      5.77  2 
 51415.565       1.07      2.82      5.07  1 
 51420.493      -1.27      4.16      6.84  2 
 51423.422       2.92      2.87      5.82  1 
 51427.284       6.51      4.26      6.97  2 
 51430.213      -2.25      2.82      5.54  1 
 51433.142       4.26      4.25      7.05  2 
 51436.005       2.53      2.93      5.35  1 
 51441.130       6.92      4.15      5.19  2 
 51444.859      -2.53      2.74      6.44  1 
 51448.390      -2.33      4.37      5.01  2 
 51452.720       2.62      2.95      5.06  1 
 51455.653      -2.98      3.96      6.51  2 
 51463.376       3.31      4.10      7.41  2 
 51466.303      -3.27      2.62      5.95  1 
 51470.365      -0.87      3.46      5.88  2 
 51472.227      -2.00      2.74      6.02  1 
 51475.357       6.96      4.30      6.53  2 
 51478.085       1.65      2.88      5.41  1 
 51481.214      -6.18      3.94      6.64  2 
 51484.142       0.69      2.80      5.82  1 
 51580.904       1.68      2.87      4.96  1 
 51584.829       0.83      3.68      6.63  2 
 51587.889      -1.26      3.47      5.25  1 
 51594.739       3.81      2.92      5.44  1 
 51598.796      -3.42      3.02      6.04  2 
 51602.388       1.41      2.80      5.62  1 
 51605.450       4.64      3.66      5.96  2 
 51610.906      -1.73      2.92      4.92  1 
 51615.034       6.92      3.81      4.69  2 
 51618.091      -0.68      2.73      5.13  1 
 51623.080      -1.44      3.54      3.73  2 
 51626.803      -0.93      2.67      5.55  1 
 51629.863      -2.30      4.37      3.30  2 
 51633.718      -4.56      2.77      7.20  1 
 51636.777       2.23      3.77      5.76  2 
 51641.564       3.48      2.92      4.76  1 
 51645.551      -4.33      3.57      4.53  2 
 51649.407      -3.28      2.63      4.65  0 
 51653.395      -1.95      3.52      4.72  2 
 51656.254       1.62      2.89      5.79  1 
 51660.778      -5.11      3.76      5.02  2 
 51664.102      -2.25      2.77      4.58  1 
 51667.828       4.46      3.71      5.28  2 
 51671.748      -2.33      2.40      6.16  1 
 51674.807      -6.35      3.39      6.19  2 
 51677.664       0.06      3.28      6.48  1 
 51683.712       9.45      6.50      7.49  2 
 51687.632      -0.15      4.95      5.51  1 
 51690.689       0.18      5.50      6.42  2 
 51694.410      -5.24      3.87      7.18  1 
 51697.400       5.97      7.05      6.72  2 
 51702.250      -1.01      4.58      7.09  1 
 51727.708      -4.05      6.00      7.23  2 
 51731.627      -2.62      4.67      6.94  1 
 51739.532      -1.14      4.94      6.78  1 
 51743.519      -6.27      7.62      6.01  2 
 51747.238       7.37      5.32      5.95  1 
 51751.423       1.24      8.23      6.12  2 
 51755.275      -3.52      5.25      7.71  1 
 51759.460      -2.62      5.28      6.27  2 
 51763.380      -1.55      4.76      6.74  1 
 51767.503       1.41      6.92      5.94  2 
 51771.554      -1.96      4.67      6.89  1 
 51775.676       0.02      6.66      7.60  2 
 51779.526       2.93      4.89      6.32  1 
 51783.446      -4.65      6.37      5.73  2 
 51787.295      -1.48      4.70      5.84  1 
 51791.481       1.91      8.86      7.94  2 
 51803.100       7.03      5.29      5.69  1 
 51807.150      -8.02      7.45      8.09  2 
 51811.932       7.00      4.88      6.00  1 
 51815.853       3.31      6.54      7.43  2 
 51819.705      -3.44      4.78      6.28  1 
 51823.560      -1.83      6.47      6.05  2 
 51827.543       1.43      4.76      7.71  1 
 51831.328      11.67      6.90      5.29  2 
 51835.309      -0.85      4.56      6.93  1 
 51839.360       2.68      6.61      5.32  2 
 51843.209      -5.03      4.79      7.30  1 
 51847.192      -6.78      7.28      5.97  2 
 51947.057       2.09      6.54      5.01  2 
 51949.908       2.98      3.69      5.11  1 
 51953.954      -7.64     11.59      6.02  2 
 51956.804      -1.51      5.51      6.98  1 
 51960.782       0.45      5.40      7.04  2 
 51963.568       0.19      3.64      5.35  1 
 51967.811       2.84      4.78      8.15  2 
 51971.394       0.07      3.50      6.46  1 
 51975.308       0.10      4.79      5.66  2 
 51977.897      -3.22      3.64      4.81  1 
 51982.012      -3.98      4.60      7.52  2 
 51986.055       2.26      3.59      5.28  1 
 51989.903       4.97      6.12      6.72  2 
 51993.879       4.14      4.50      6.52  1 
 51996.797       4.18      6.11      5.36  2 
 51999.845       7.76      5.27      4.95  1 
 52002.895      -0.33      7.81      4.76  2 
 52007.468       0.49      3.72      6.06  1 
 52011.709       0.81      5.43      5.64  2 
 52014.426       0.30      4.64      6.40  1 
 52017.408      -1.92      4.69      7.84  2 
 52020.590      -6.50      4.31      6.18  1 
 52024.904      -2.87      6.43      4.90  2 
 52027.752      -0.39      4.93      5.71  1 
 52031.069       2.70      6.18      6.03  2 
 52034.978      -2.49      4.59      6.58  1 
 52037.896      -1.98      5.95      4.79  2 
 52040.943      -1.00      4.68      6.02  1 
 52043.794      -5.70      4.60      7.49  2 
 52047.834      -0.52      4.57      6.91  1 
 52051.811       4.66      7.46      5.77  2 
 52055.653      -4.29      5.12      8.27  1 
 52059.628      10.05      7.32      5.47  2 
 52062.477       0.42     10.36      7.38  1 
 52065.524      -5.33      7.42      3.17  2 
 52090.842      -1.95      5.91      6.06  2 
 52093.889       0.76      5.56      6.85  2 
 52097.597       2.30      3.50      6.89  1 
 52101.639      -0.23      6.45      4.64  2 
 52104.354      -4.69      4.59      5.49  1 
 52107.534      -3.18      7.38      8.24  2 
 52111.243      -1.49      4.95      6.44  1 
 52115.349       3.95      7.72      7.28  2 
 52119.257      -0.49      5.17      5.98  1 
 52122.370      -4.48      6.42      6.71  2 
 52125.086      -3.56      4.55      7.36  1 
 52129.528      -0.39      6.90      3.68  2 
 52132.509       0.31      5.00      5.40  1 
 52135.559      -0.16      6.75      6.48  2 
 52139.599      -1.30      4.57      7.68  1 
 52143.575      -4.02      6.44      8.88  2 
 52146.554       0.41      3.57      5.96  1 
 52150.595       1.82      6.44      6.70  2 
 52153.507      -0.31      4.62      6.18  1 
 52156.290       7.70      6.86      7.78  2 
 52160.130       0.11      3.59      5.28  1 
 52163.309       0.65      5.40      6.90  2 
 52167.016      -2.70      3.57      6.47  1 
 52170.062       6.42      5.14      5.94  2 
 52173.837      -4.26      4.62      4.99  1 
 52177.877       3.30      6.53      5.44  2 
 52182.248      -0.90      4.58      5.99  1 
 52184.703       0.86      6.64      5.57  2 
 52189.403       0.08      4.56      5.01  1 
 52192.584      -2.58      4.84      6.14  2 
 52195.362       0.90      4.56      6.06  1 
 52198.473      -3.73      6.37      6.20  2 
 52202.179       4.94      4.45      5.63  1 
 52205.357       6.02      6.71      5.43  2 
 52209.128       1.33      4.62      5.12  1 
 52212.305       6.96      8.63      6.50  2 
 52311.832       0.34      4.56      7.28  1 
 52315.003       2.63      6.91      7.51  2 
 52317.908       7.68      5.42      6.33  1 
 52322.664      -6.86      6.35      6.29  2 
 52325.504      -5.30      4.47      6.06  1 
 52328.740       2.29      6.18      5.57  2 
 52331.713       0.17      4.60      6.14  1 
 52335.941      -0.70      6.40      6.46  2 
 52339.904       2.65      4.89      5.41  1 
 52343.145      -1.35      6.03      6.89  2 
 52345.917      -4.97      8.03      7.41  1 
 52351.003      -6.95      5.93      6.05  2 
 52353.907      -3.93      4.57      7.57  1 
 52357.935       4.05      4.65      6.56  2 
 52360.839      -3.35      4.56      5.28  1 
 52363.876      -0.74      6.32      6.97  2 
 52367.572      -5.32      4.63      6.37  1 
 52384.334      -1.25      6.06      5.11  2 
 52387.240      -1.01      4.58      7.15  1 
 52390.344       1.88      6.24      6.53  2 
 52393.776      -4.50      4.57      6.04  1 
 52398.068       3.48      6.14      8.07  2 
 52401.959      -2.81      4.27      6.44  1 
 52404.996       2.78      6.02      9.29  2 
 52411.856       1.67      6.23      5.27  2 
 52414.758       2.55      4.49      5.30  1 
 52422.343      -0.94      3.52      5.94  1 
 52426.564       7.64      6.86      5.36  2 
 52430.455      -3.12      4.87      5.43  1 
 52455.856       6.03      6.07      5.19  2 
 52462.714       3.57      5.28      6.23  2 
 52465.614      -1.94      3.47      6.46  1 
 52468.582      -4.28      6.85      6.58  2 
 52472.472       4.66      5.18      6.92  1 
 52476.362       5.79      5.54      5.37  2 
 52479.263      -0.85      3.85      6.81  1 
 52483.087       7.70      6.66      5.84  2 
 52486.386       0.94      4.58      6.38  1 
 52490.078      -0.31      6.35      8.17  2 
 52493.377      -1.40      4.49      6.42  1 
 52496.612      -4.03      6.34      6.75  2 
 52500.501       2.87      4.76      6.48  1 
 52504.657      -2.84      6.38      5.86  2 
 52507.622      -2.03      4.64      6.48  1 
 52510.589      -1.46      6.38      8.28  2 
 52513.357      -2.13      3.24      5.27  1 
 52516.325       0.72      4.84      5.12  2 
 52520.213      -0.27      5.01      7.09  1 
 52524.364       1.53      7.32      7.84  2 
 52532.273       3.20      7.26      7.29  2 
 52535.832      -0.44      4.52      6.12  1 
 52539.259      -3.96      6.27      8.02  2 
 52542.753      -0.54      4.72      5.81  1 
 52546.448       4.24      6.54      6.09  2 
 52549.347       0.11      4.75      5.83  1 
 52552.579       4.48      6.53      7.12  2 
 52556.465      -3.28      4.56      7.76  1 
 52560.354       0.07      6.35      8.60  2 
 52575.108       6.19      5.30      8.08  2 
 52578.138       1.91      3.93      5.77  1 
 52677.753      -0.91      3.83      5.87  1 
 52680.780       7.39      5.00      7.16  2 
 52683.543       0.79      4.93      5.66  1 
 52686.700       2.63      6.30      6.45  2 
 52689.727      -3.06      4.61      6.63  1 
 52692.622      -0.75      4.28      6.19  2 
 52695.321      -1.96      3.31      4.96  1 
 52713.947       5.06      4.66      6.31  2 
 52716.840      -1.52      3.22      5.73  1 
 52720.919       1.31      6.11      5.94  2 
 52723.812       0.75      3.60      5.81  1 
 52727.890      -2.90      6.99      4.20  2 
 52730.652      -0.95      5.23      7.29  1 
 52734.532       5.50      4.70      4.82  2 
 52737.624      -0.52      4.85      5.25  1 
 52741.634       3.02      6.05      8.12  2 
 52745.648       0.33      3.27      4.92  1 
 52747.821      -7.55      4.80      5.73  2 
 52751.768       2.74      4.53      3.93  1 
 52755.191      -0.35      4.92      6.42  2 
 52758.807       4.61      3.51      5.66  1 
 52761.966       1.85      4.62      6.34  2 
 52764.726       3.17      3.50      6.21  1 
 52772.551       1.43      3.43      5.51  1 
 52776.563       4.13      6.49      7.37  2 
 52779.652      -4.09      4.95      5.70  1 
 52783.400      -3.53      4.60      5.59  2 
 52786.424      -3.59      3.65      6.35  1 
 52790.565       2.51      5.14      6.78  2 
 52793.459       1.68      3.56      5.03  1 
 52796.550      -6.75      4.20      5.50  2 
 52823.643       4.85      5.09      6.97  2 
 52826.470       2.76      3.53      5.29  1 
 52829.494      -2.28      5.31      6.70  2 
 52833.371       0.92      4.15      6.10  1 
 52836.395       6.05      5.75      6.88  2 
 52839.353      -0.05      4.10      5.78  1 
 52843.296      -0.24      4.95      6.02  2 
 52846.389       0.85      3.45      4.92  1 
 52849.614      -5.43      4.85      4.34  2 
 52853.489       0.04      3.63      5.87  1 
 52857.700      -2.19      6.38      6.53  2 
 52861.775      -1.03      3.36      5.51  1 
 52865.589       1.46      4.76      5.23  2 
 52868.479       1.87      3.52      4.71  1 
 52871.569       4.96      5.06      7.20  2 
 52874.329       2.21      3.48      6.05  1 
 52879.390      -1.34      5.12      5.98  2 
 52883.332      -2.70      3.77      5.92  1 
 52886.355      -6.03      5.26      5.73  2 
 52889.182       2.71      3.79      4.85  1 
 52892.269       8.68      6.96      6.52  2 
 52895.161       2.79      3.46      4.86  1 
 52898.842       3.00      6.45      6.84  2 
 52901.275       0.95      3.32      5.60  1 
 52905.486       1.17      4.84      7.81  2 
 52909.363      -1.82      3.35      5.16  1 
 52912.651       1.60      4.72      7.30  2 
 52916.461      -3.75      4.28      6.64  1 
 52919.550       3.07      6.65      6.25  2 
 52923.229      -0.45      3.38      5.71  1 
 52927.238       2.01      4.85      5.49  2 
 52930.062       2.09      3.62      5.61  1 
 52934.135       6.00      7.31      5.17  2 
 52937.091       2.49      5.20      5.95  1 
 52941.164       1.98      5.37      6.82  2 
 52945.041       1.43      3.71      5.88  1 
 53042.644      -4.15      4.70      4.91  2 
 53045.795       0.91      3.83      5.32  1 
 53049.934      -0.49      4.41      6.31  2 
 53052.822       1.57      4.55      5.51  1 
 53056.504      -3.24      4.54      7.47  2 
 53059.194       5.59      3.64      6.47  1 
 53063.269      -1.67      5.98      7.20  2 
 53066.943       1.81      3.50      6.11  1 
 53070.162      -3.68      6.07      7.80  2 
 53074.033      -2.00      3.35      5.88  1 
 53077.054      -0.94      4.82      7.48  2 
 53079.941       1.33      7.54      6.83  1 
 53083.815       1.33      6.46      6.23  2 
 53087.688       6.27      5.32      4.52  1 
 53091.560      -0.54      4.81      8.00  2 
 53095.498       5.12      3.66      5.03  1 
 53098.714       3.90      4.60      6.39  2 
 53102.259       2.92      3.54      6.39  1 
 53106.858       4.84      4.57      4.57  2 
 53110.797      -0.40      3.67      5.50  1 
 53113.951       1.00      4.45      6.17  2 
 53116.838       0.13      3.52      4.99  1 
 53120.056       3.90      6.04      7.39  2 
 53123.729      -0.59      4.29      6.29  1 
 53127.732      -3.97      5.72      6.35  2 
 53131.802       2.93      3.59      5.21  1 
 53134.559      -4.56      4.88      6.03  2 
 53137.642       1.65      3.83      6.00  1 
 53140.530       5.07      4.94      5.13  2 
 53143.417      -0.91      4.85      6.75  1 
 53147.420      -2.90      6.29      6.14  2 
 53150.373      -1.23      4.59      7.28  1 
 53154.575       2.98      3.49      5.52  1 
 53157.728       7.67      4.61      4.58  2 
 53189.492      -0.57      6.28      5.54  2 
 53193.166       5.85      4.79      4.25  1 
 53197.234       0.93      7.24      6.63  2 
 53200.121       0.93      3.54      5.75  1 
 53204.521      -1.20      4.80      6.60  2 
 53207.473      -2.97      3.53      5.13  1 
 53214.498      -1.34      4.54      6.35  1 
 53218.635       1.21      4.69      5.72  2 
 53222.570      -5.86      3.33      7.06  1 
 53225.721      -3.59      4.72      5.45  2 
 53229.525      -1.34      3.58      5.94  1 
 53233.332      -2.02      4.80      6.65  2 
 53236.414      -2.75      4.91      5.48  1 
 53239.432      11.67     12.73      5.75  2 
 53243.302      -1.02      3.84      6.69  1 
 53247.304       5.89      5.36      5.59  2 
 53250.191       1.65      3.68      6.44  1 
 53254.324       4.26      4.96      5.01  2 
 53257.278      -2.00      4.47      5.62  1 
 53260.497       1.74      4.95      5.38  2 
 53264.368       4.12      4.79      5.36  1 
 53267.521       0.10      4.66      5.26  2 
 53270.668      -4.90      4.67      6.30  1 
 53274.409       5.39      4.84      6.31  2 
 53277.490       1.76      3.43      5.24  1 
 53281.296      -6.26      4.79      4.89  2 
 53285.362       2.27      4.91      5.97  1 
 53289.102      -5.93      6.67      5.12  2 
 53292.118      -3.92      3.51      5.75  1 
 53295.136       6.83      7.74      6.26  2 
 53298.087      -0.14      3.98      5.44  1 
 53301.825       1.64      4.71      4.81  2 
 53304.057      -1.04      3.40      6.02  1 
 53307.732       1.52      4.87      3.93  2 
 53412.932       1.83      3.46      4.60  1 
 53417.067      -3.36      5.95      6.58  2 
 53419.950       2.92      4.53      5.75  1 
 53423.100      -2.32      4.43      6.18  2 
 53426.900      -0.97      3.36      5.99  1 
 53430.901      -0.69      4.40      5.11  2 
 53433.784      -2.85      3.43      6.77  1 
 53437.784       1.97      4.68      6.92  2 
 53445.650       5.72      6.86      5.00  2 
 53448.468       2.10      3.81      5.37  1 
 53452.728      -3.02      4.66      5.44  2 
 53455.613      -1.97      3.53      5.84  1 
 53459.417      -0.29      4.37      5.74  2 
 53462.761       2.63      4.76      6.15  1 
 53469.189       5.21      3.76      4.57  1 
 53472.011       2.02      4.46      7.55  2 
 53475.877      -1.47      3.54      6.44  1 
 53479.812       2.35      4.44      5.99  2 
 53482.891       3.12      4.49      6.27  1 
 53486.890       4.84      5.07      6.10  2 
 53489.707       3.24      5.02      5.27  1 
 53493.509       0.14      6.47      5.51  2 
 53497.376      -1.92      3.63      5.74  1 
 53501.373       1.90      6.23      6.35  2 
 53505.500      41.08     13.01      8.33  1 
 53508.322       0.42      4.29      5.66  2 
 53510.551      -9.55      7.00      8.30  1 
 53514.094       1.75      4.61      7.32  2 
 53518.749       3.50      3.58      4.84  1 
 53521.895       4.77      3.56      6.31  1 
 53554.402       3.99     14.50      4.99  2 
 53558.334       5.31      7.41      6.56  1 
 53562.007       6.76      7.18      6.11  2 
 53565.023      -1.95      3.47      5.62  1 
 53569.681       5.19      6.34      6.58  2 
 53572.563       3.60      3.59      4.73  1 
 53575.841       0.92      6.33      5.74  2 
 53579.510      -2.79      4.26      5.31  1 
 53582.525       4.64      6.61      4.46  2 
 53585.539       0.83      4.66      6.81  1 
 53589.603       0.26      6.01      5.92  2 
 53592.419      -6.14      4.88      7.43  1 
 53598.251      -0.45      4.10      6.34  1 
 53602.116       3.69      4.92      5.77  2 
 53605.131       0.19      4.59      6.20  1 
 53609.325       4.39     10.95      7.64  2 
 53613.324       1.19      4.59      5.77  1 
 53616.672       6.12      4.88      5.06  2 
 53620.405       0.03      3.55      5.40  1 
 53624.537       2.10      6.33      6.25  2 
 53627.614      -1.86      4.29      5.90  1 
 53631.416      -3.69      6.06      6.43  2 
 53634.495      -1.15      4.47      6.86  1 
 53638.296      -1.81      4.73      7.62  2 
 53642.095       0.08      3.31      5.34  1 
 53646.092       3.34      5.14      4.41  2 
 53649.105       1.76      3.84      6.28  1 
 53652.184       4.81      5.39      6.35  2 
 53659.262      -5.97      6.48      5.27  2 
 53666.407      -8.62      6.28      3.99  2 
 53670.470       0.52      4.48      5.29  1 
 53673.421       3.63      4.81      3.95  2 
 53775.105      -3.06      4.31      5.54  2 
 53778.182      -0.47      4.66      6.07  1 
 53781.066      -2.03      4.52      6.17  2 
 53784.928       2.46      4.64      5.73  1 
 53787.878       6.45      9.88      5.04  2 
 53791.806      -3.24      4.59      6.62  1 
 53794.820      -3.93      6.48      7.57  2 
 53798.814      -1.42      8.65      7.79  1 
 53801.827       4.44      6.82      6.14  2 
 53805.691       2.68      9.50      7.36  1 
 53809.751       0.64     10.02      5.42  2 
 53812.372      -0.36      7.84      7.25  1 
 53816.895      -5.72     10.03      6.21  2 
 53819.778       3.14      8.15      7.36  1 
 53822.925      -4.82      6.08      6.14  2 
 53826.199       0.18      7.90      7.20  1 
 53829.935      11.93      6.32      7.41  2 
 53833.797       0.05      4.48      6.28  1 
 53836.877       5.94      9.96      8.68  2 
 53840.674      -6.25      3.04      5.13  1 
 53844.866      -3.06      4.42      7.94  2 
 53847.747       2.65      3.50      5.71  1 
 53851.480       3.65      6.03      2.45  2 
 53854.427       3.79      3.49      4.26  1 
 53858.617       1.57      5.97      6.57  2 
 53861.500       0.11      3.36      6.17  1 
 53864.382      -3.51      5.45     10.13  2 
 53868.706       1.12      8.04      6.83  1 
 53875.718       5.71      4.94      5.17  1 
 53878.798      11.03      6.20      5.11  2 
 53881.874       3.80      4.76      5.60  1 
 53884.955       5.88      6.18      8.20  2 
 53887.834      -1.86      4.59      6.93  1 
 53890.782      -6.65      4.02      7.64  2 
 53893.532       9.26      6.22      4.85  2 
 53918.616       1.26      8.21      5.50  2 
 53923.662       9.49      7.94      6.59  2 
 53927.591      -1.09      4.55      4.82  1 
 53930.671       9.51      7.28      4.20  2 
 53933.616      -7.05      4.06      6.80  1 
 53937.546      11.66      6.96      7.25  2 
 53941.539      -1.02      4.82      6.02  1 
 53945.535      10.31     11.97      6.61  2 
 53949.462      -1.72      4.63      5.59  1 
 53952.409       7.38      7.20      7.45  2 
 53958.367     -10.14      5.97      5.80  2 
 53962.165      -2.71      4.39      5.19  1 
 53965.375      -4.49      6.31      4.68  2 
 53969.371       1.74      5.02      8.26  1 
 53972.519       0.51      6.84      6.33  2 
 53975.464       4.05      4.77      4.48  1 
 53980.510     -10.38      6.37      3.74  2 
 53983.586      -3.36      4.60      8.46  1 
 53987.647       1.27      6.55      5.28  2 
 53991.377      12.12      5.25      5.66  1 
 53995.241       9.87      7.21      4.57  2 
 53998.318       3.87      4.76      3.99  1 
 54002.182      11.02      7.35      5.29  2 
 54008.073      -5.27      6.60      5.03  2 
 54011.085       3.88      4.50      3.69  1 
 54015.800      -3.57      6.33      6.49  2 
 54019.796      -3.11      4.16      5.38  1 
 54022.813      10.40      7.37      4.19  2 
 54026.283      -0.51      4.77      6.85  1 
 54029.428      11.24      7.08      5.81  2 
 54032.242      -9.60      3.93      7.25  1 
 54035.387       8.25      6.97      5.13  2 
 54038.331       5.06      4.83      4.44  1 
 54139.164      -5.05      4.57      8.75  1 
 54142.177      13.97      6.45      3.87  2 
 54145.841      -8.80      4.22      7.11  1 
 54148.984       5.62      6.26      6.60  2 
 54152.649      -9.86      4.10      7.11  1 
 54155.725     -13.29      5.08      6.29  2 
 54162.598     -11.17      5.56     29.01  2 
 54166.395      -7.47      4.35      6.01  1 
 54170.456       7.92      6.16      5.26  2 
 54174.189       3.58      4.87      5.98  1 
 54178.055       6.64      6.05      4.66  2 
 54180.868      -5.84      4.32      6.10  1 
 54184.144      -3.40      5.68      4.42  2 
 54188.069      -4.94      4.31      7.71  1 
 54191.016      -4.02      5.55      8.85  2 
 54197.757      -5.68      4.29      8.82  2 
 54201.553      -5.71      4.53      7.79  1 
 54204.760      -9.43      5.69      5.26  2 
 54208.425      -2.61      5.15     15.00  1 
 54212.417      11.77      6.39      5.32  2 
 54216.279       2.34      4.84      4.26  1 
 54219.684      -0.75      5.97    113.43  2 
 54222.697     -20.09      7.77    168.40  1 
 54225.909      -5.97      5.68    131.32  2 
 54229.835      -8.42      6.71     75.86  1 
 54232.980      -0.02      5.79     15.59  2 
 54236.709      -1.89      4.61      5.82  1 
 54240.769      -0.56      5.72      5.70  2 
 54243.712      -2.69      4.59      6.15  1 
 54247.575      -7.28      5.42      6.82  2 
 54251.566      -3.99      4.29      5.04  1 
 54255.624       3.41      6.29      6.31  2 
 54283.711      -0.29      7.76      6.01  2 
 54289.534      -6.98      4.36      6.84  1 
 54292.677       6.28      7.40      6.56  2 
 54296.406       0.06      4.39      4.82  1 
 54299.417       5.90      7.05      7.43  2 
 54302.296      -0.91      5.04      6.92  1 
 54305.307      -8.00      6.41      8.37  2 
 54308.186       5.41      5.06      4.95  1 
 54312.112      -5.29      6.54      4.86  2 
 54316.039      -3.89      4.43      4.34  1 
 54319.378      -0.62      6.44      7.90  2 
 54322.457       0.61      4.94      5.03  1 
 54325.535      14.96      7.27      6.92  2 
 54329.462       5.06      4.90      2.95  1 
 54333.523       9.40     11.30      5.39  2 
 54336.466      -4.86      4.33      6.60  1 
 54340.657       7.89     11.44      8.82  2 
 54344.320       4.08      4.89      5.68  1 
 54347.528       6.96      7.15      6.09  2 
 54352.304      13.26      5.05      3.46  1 
 54356.362       1.31      7.21      5.78  2 
 54359.241       7.46      5.23      4.64  1 
 54362.971       7.41      6.97      7.65  2 
 54366.177       2.58      4.65      5.27  1 
 54369.320       5.47      7.18      3.87  2 
 54372.200      -5.63      4.25      5.62  1 
 54379.337      -3.22      4.70      5.44  1 
 54383.464      -2.66      6.55      8.31  2 
 54386.603       3.42      4.63      5.87  1 
 54390.532       4.84      6.79      6.67  2 
 54393.280      12.36      7.17      8.53  2 
 54397.336       8.56      5.01      5.57  1 
 54401.066       1.39      4.73      6.44  1 
 54404.273     -10.80      6.03      7.40  2 
 54504.732      -1.43      4.59      4.83  1 
 54508.724      -8.77      5.70      5.18  2 
 54511.668      -0.29      4.72      5.98  1 
 54518.407       1.30      4.59      4.63  1 
 54521.944     -10.97      5.75      4.60  2 
 54525.279      -5.22      4.33      5.13  1 
 54529.014      -7.75      5.67      5.04  2 
 54532.875       8.55      5.12      3.46  1 
 54536.280       1.01      5.95      8.71  2 
 54540.139      13.21      5.46      4.98  1 
 54543.084      27.39      6.86      2.75  2 
 54546.747      48.48      6.64      3.21  1 
 54550.739      15.80      6.49      5.43  2 
 54553.748       5.39      4.79      5.06  1 
 54556.627      13.94      6.57      7.50  2 
 54560.487       2.38      4.68      7.16  1 
 54564.477       7.34      6.26      4.82  2 
 54568.599      13.67      5.09      4.43  1 
 54571.674      14.65      6.38      5.53  2 
 54575.274      20.25      5.46      5.60  1 
 54578.877      10.64      6.44      3.96  2 
 54581.821      -2.65      4.26      6.05  1 
 54584.834       3.60      5.89      6.83  2 
 54588.759       3.99      4.89      6.74  1 
 54591.835     -23.74      9.74      7.85  2 
 54595.759       7.69      4.79      3.57  1 
 54598.770       6.69      6.05      4.58  2 
 54602.629      -5.27      4.40      4.80  1 
 54606.489      11.28      6.41      6.08  2 
 54609.564       2.09      4.80      4.51  1 
 54613.489      -2.34      5.94      6.58  2 
 54616.498       0.73      4.69      5.57  1 
 54620.227      -0.21      5.75      6.25  2 
 54623.303      15.87      6.30      4.51  2 
 54650.723      -1.42      7.75      6.00  2 
 54653.404       9.66      4.97      4.46  1 
 54656.414       2.09      7.35      4.83  2 
 54659.357      -4.24      4.65      6.64  1 
 54662.432       6.06      6.94      5.45  2 
 54665.245       0.71      4.99      6.22  1 
 54669.432       4.27      6.86      5.56  2 
 54672.376      10.77      4.93      3.67  1 
 54676.566       3.28      7.34      7.36  2 
 54679.446      -3.84      4.87      6.06  1 
 54682.656       3.12      6.73      7.14  2 
 54686.842       3.23      4.56      4.17  1 
 54691.555      11.64      7.16      8.79  2 
 54694.627      -3.31      4.39      5.97  1 
 54698.489       6.85      6.91      5.83  2 
 54701.496      -9.29      4.08      6.43  1 
 54705.292       9.06      7.40      6.26  2 
 54708.300       8.22      5.29      6.30  1 
 54711.244      -0.64      6.91      6.55  2 
 54715.168      -7.77      4.11      6.28  1 
 54719.224       0.19      6.83      7.89  2 
 54723.150       1.99      4.64      5.41  1 
 54727.405       4.94      7.21      3.64  2 
 54730.350      -5.23      4.60      5.25  1 
 54733.495       5.47      6.90      6.34  2 
 54737.353      -3.76      4.49      5.30  1 
 54740.430       2.51      6.69      4.57  2 
 54743.568       2.98      4.69      5.36  1 
 54747.299      16.14      7.28      5.59  2 
 54750.176      -3.30      4.33      5.20  1 
 54753.187       4.54      6.99      4.93  2 
 54757.110       0.12      4.86      5.55  1 
 54761.100      -1.60      6.93      7.40  2 
 54764.960       1.51      4.87      5.33  1 
 54768.950      -0.91      6.74      6.51  2 
 54870.748      -0.53      4.60      5.75  1 
 54873.822      -4.02      5.68      7.02  2 
 54876.832      -3.32      4.50      6.65  1 
 54880.041      -8.61      5.84      5.86  2 
 54884.293      -1.11      4.56      4.45  1 
 54887.306       5.11      6.07      7.79  2 
 54890.248       3.34      4.87      5.43  1 
 54894.043       6.97      6.22      4.95  2 
 54896.069      -6.42      4.33      6.79  1 
 54900.126      -2.82      5.68      5.44  2 
 54905.684       3.95      4.97      6.94  1 
 54908.890      -5.17      5.83      8.18  2 
 54911.636      -4.34      4.44      4.87  1 
 54914.710       5.56      6.45      4.22  2 
 54918.634      -2.69      4.56      9.17  1 
 54922.689      -3.25      5.85      5.63  2 
 54925.633       1.89      4.89      6.82  1 
 54929.823     -13.72      5.85      7.88  2 
 54933.814      -0.39      4.97      5.61  1 
 54936.957       1.39      6.03      2.60  2 
 54939.768      -2.22      4.47      4.86  1 
 54942.910       3.30      6.09      6.50  2 
 54947.814       6.54      5.00      5.70  1 
 54951.739       9.44      6.10      4.38  2 
 54954.616      -0.20      4.58      6.41  1 
 54958.607       4.06      6.16      5.30  2 
 54961.679      -1.44      5.10      6.65  1 
 54965.669      -1.79      5.95      7.30  2 
 54968.546       6.67      5.02      7.19  1 
 54971.620      16.84      6.57      4.14  2 
 54975.479      -1.39      4.38      4.99  1 
 54979.734       1.11      6.30      4.31  2 
 54982.612      -0.86      4.63      4.52  1 
 54985.756      -9.34      5.52      5.30  2 
 54989.812       6.57      6.03      4.12  2 
 55014.533      -0.41      8.37      3.55  2 
 55017.410      -5.91      4.52      6.98  1 
 55020.353      -7.44      7.43      7.20  2 
 55025.323      -2.79      4.28      5.50  1 
 55028.599      -1.06      7.18      4.93  2 
 55031.474       4.66      5.02      6.27  1 
 55034.684       6.65      6.91      6.57  2 
 55038.542      -0.31      4.84      6.45  1 
 55042.665       2.41      6.82      7.81  2 
 55045.475      -2.79      4.11      3.71  1 
 55048.551      -1.09      6.28      4.08  2 
 55052.539       1.37      4.42      4.15  1 
 55055.418      -2.12      6.52      6.09  2 
 55058.359      -3.92      4.35      4.77  1 
 55061.434      -9.02      6.49      4.94  2 
 55064.179      -5.77      4.74      7.23  1 
 55067.384      -0.37      6.94      6.62  2 
 55071.242       1.56      4.92      5.69  1 
 55074.316       0.08      6.72      5.99  2 
 55078.241      -0.46      4.39      5.12  1 
 55081.448       5.20      7.30      4.58  2 
 55085.701       0.75      4.50      5.36  1 
 55088.648       5.17      6.88      6.17  2 
 55092.636      -6.18      4.15      5.21  1 
 55106.173       7.45      4.95      4.68  1 
 55110.164      -3.31      6.84      3.69  2 
 55113.236      -3.39      4.80      7.76  1 
 55116.245      -2.95      6.79      9.06  2 
 55124.157       7.30      7.15      4.67  2 
 55127.754       0.96      4.53      3.31  1 
 55134.166       5.33      5.21      6.55  1 
 55235.341      -8.36      4.33      7.71  1 
 55238.419       5.72      6.49      6.81  2 
 55241.101       3.24      5.30      6.04  1 
 55244.306      -6.99      5.43      7.16  2 
 55249.142       0.76      4.48      5.18  1 
 55252.152       0.90      5.86      6.35  2 
 55254.830      -6.00      4.34      6.66  1 
 55257.839     -12.14      5.26      8.00  2 
 55261.695      -0.03      4.88      7.18  1 
 55264.704       0.98      6.10      5.68  2 
 55268.757       1.87      4.86      4.72  1 
 55271.764      -4.73      5.79      6.26  2 
 55275.621       5.67      4.99      4.43  1 
 55279.741       8.27      6.12      4.53  2 
 55282.749      -7.04      3.97      5.28  1 
 55286.350      15.36      6.73      3.57  2 
 55290.861      -2.19      4.73      5.18  1 
 55293.937       0.56      5.95      6.88  2 
 55296.943      -2.32      4.28      5.59  1 
 55299.887       3.34      5.92      5.88  2 
 55306.881      -0.05      5.84      3.88  2 
 55310.541       8.77      5.00      3.77  1 
 55313.810       7.74      6.39      4.74  2 
 55317.404      -1.80      4.71      5.65  1 
 55320.412      -8.04      5.59      5.00  2 
 55324.464       0.33      4.69      6.49  1 
 55327.602      17.50      6.45     12.45  2 
 55331.591      -2.65      4.51      6.53  1 
 55335.779      -8.91      5.93      3.77  2 
 55339.702       1.25      4.77      4.92  1 
 55342.778     -10.22      5.29      3.59  2 
 55345.652      -6.17      4.27      5.65  1 
 55348.857       3.77      5.78      8.57  2 
 55354.610      -1.05      5.76      5.17  2 
 55383.635       6.53      8.25      3.28  2 
 55387.557      -5.30      4.58      6.41  1 
 55391.746      13.65      7.34      3.35  2 
 55395.600       4.64      4.88      5.66  1 
 55398.609      -2.30      6.36      6.46  2 
 55402.725       3.48      4.71      4.66  1 
 55406.584      13.96      7.33      7.48  2 
 55408.543      -4.90      4.21      5.00  1 
 55411.418       0.41      7.04      5.18  2 
 55415.406      -2.80      4.58      6.03  1 
 55418.215       2.03      6.98      1.79  2 
 55422.268       3.14      4.71      3.14  1 
 55425.339      -0.97      6.90      6.88  2 
 55429.262      -3.06      4.37      7.09  1 
 55432.537      -6.33      6.66      5.30  2 
 55436.390       7.29      5.31      5.92  1 
 55439.923       4.71      7.11      6.01  2 
 55444.630      -3.32      4.45      5.79  1 
 55447.506       6.64      6.83      3.39  2 
 55450.382       0.92      4.44      4.00  1 
 55453.584      -0.96      6.62      5.14  2 
 55457.244      -2.01      4.82      5.20  1 
 55460.250       4.31      7.03      8.28  2 
 55464.303       0.21      4.81      6.23  1 
 55468.288      -1.94      6.76      5.43  2 
 55471.165       1.23      4.78      5.17  1 
 55478.092       5.36      4.59      4.08  1 
 55482.345       1.42      6.96      3.38  2 
 55485.218       7.05      5.01      5.19  1 
 55488.554       7.93      7.03      2.88  2 
 55491.627      -1.75      4.49      6.21  1 
 55495.549      -4.38      6.41      8.35  2 
 55499.209      -6.15      4.31      6.77  1 
 55600.045      -9.05      3.86      6.92  1 
 55603.246      -4.06      5.64      7.17  2 
 55607.101       8.10      4.88      3.54  1 
 55611.085      -5.82      5.84     10.24  2 
 55614.679      -1.82      4.72      6.88  1 
 55618.728      -3.34      5.76      6.14  2 
 55629.573      -2.35      4.59      6.28  1 
 55633.888       6.96      6.54      5.84  2 
 55636.827      -3.26      4.74      6.65  1 
 55640.357      -4.28      5.92      4.97  2 
 55643.886       4.13      4.86      5.87  1 
 55647.088      11.01      6.30      4.62  2 
 55654.077      -5.53      5.44      6.73  2 
 55657.734     -10.44      3.70      6.97  1 
 55661.914       3.87      6.10      5.10  2 
 55664.592       1.32      4.72      5.37  1 
 55668.574      -2.06      6.14      7.61  2 
 55671.645     -10.51      4.21      5.15  1 
 55675.496       0.65      5.97      4.37  2 
 55678.566       7.72      4.86      2.83  1 
 55681.634      -6.54      5.70      7.72  2 
 55685.229      -3.28      3.93      4.28  1 
 55689.869      -2.94      5.73      2.54  2 
 55692.743      -0.72      4.66      5.08  1 
 55696.859      -8.39      5.40      2.70  2 
 55700.711      -2.38      4.56      6.28  1 
 55703.780      -3.64      5.54      4.28  2 
 55706.849      -1.97      4.28      6.89  1 
 55710.635      -2.09      5.77      3.61  2 
 55713.705       1.25      4.51      4.87  1 
 55716.446     -12.89      5.38      7.99  2 
 55719.645       4.44      6.03      7.99  2 
 55744.723       0.31      7.79      5.08  2 
 55750.599      -1.31      4.21      4.98  1 
 55754.582      16.33      7.54      7.05  2 
 55759.413      -4.87      4.65      7.23  1 
 55762.611       3.69      6.69      6.55  2 
 55767.377       3.32      4.83      4.38  1 
 55769.464       0.91      7.05      7.81  2 
 55773.121       3.57      4.80      4.60  1 
 55780.170       1.04      4.46      2.71  1 
 55783.437      -0.35      6.49      5.79  2 
 55790.555      -3.68      6.27      6.71  2 
 55797.542       3.57      6.58      3.66  2 
 55801.459      -2.66      4.45      6.33  1 
 55804.657     -10.04      5.99      6.09  2 
 55808.377       2.89      4.45      3.80  1 
 55811.509      25.26      7.71      2.94  2 
 55818.362      -2.57      6.67      7.64  2 
 55822.018       7.22      4.79      4.56  1 
 55825.279      -0.58      7.01      4.87  2 
 55829.131      -1.51      4.53      6.78  1 
 55832.264      -0.52      6.26      6.32  2 
 55836.246       2.78      4.69      5.03  1 
 55839.380      -9.03      6.64      5.91  2 
 55843.428       2.09      4.54      3.96  1 
 55846.691      -1.40      6.79      7.29  2 
 55850.346      -1.26      4.47      5.12  1 
 55857.196       5.18      4.65      3.99  1 
 55860.391      -2.02      6.53      6.93  2 
 55864.110       1.87      4.77      6.78  1 
