; SOURCE: XTE J1719-356
; SOURCE RA:       259.970     SOURCE DEC:      -35.6800
; CREATION DATE: Fri Nov  4 01:45:10 2011
; DATE(MJD) RATE ERROR BKG SCANTYPE EBAND
 51214.848       4.33      2.02     16.00  1 
 51217.779       7.80      2.66     16.11  1 
 51220.710      -0.99      2.53     16.26  1 
 51224.775       3.14      2.30     16.09  1 
 51227.706       2.46      2.30     16.56  1 
 51231.583      -0.30      1.22     15.97  2 
 51234.768       6.47      2.09     15.88  1 
 51241.301       1.49      2.51     15.84  1 
 51245.248       1.60      0.86     15.95  2 
 51248.166       2.90      2.30     15.72  1 
 51252.111       1.08      0.97     16.20  2 
 51255.828       0.34      2.56     16.31  1 
 51259.904      -0.08      1.01     17.28  2 
 51262.757       8.56      2.12     16.57  1 
 51265.766       1.19      0.92     17.32  2 
 51269.751       3.92      2.38     16.80  1 
 51273.693      -0.09      0.99     16.98  2 
 51276.546       3.75      2.14     16.76  1 
 51280.420       1.48      1.00     16.80  2 
 51283.473       5.20      2.73     16.47  1 
 51287.348       2.07      1.01     16.84  2 
 51290.202       2.36      2.29     16.45  1 
 51294.216      -0.96      0.98     16.73  2 
 51297.800       0.79      2.71     16.28  1 
 51300.946       0.09      1.41     16.94  2 
 51303.930       2.51      2.69     17.14  1 
 51308.873      -0.52      1.00     16.97  2 
 51311.657       2.71      2.34     16.88  1 
 51313.801      -0.29      1.02     17.19  2 
 51318.650      -0.98      2.54     16.82  1 
 51322.525      -1.04      1.14     16.94  2 
 51325.444       4.82      3.34     16.61  1 
 51328.518       1.88      1.45     17.01  2 
 51332.370       5.98      2.81     16.40  1 
 51336.243       2.08      1.15     16.61  2 
 51338.431      -4.20      3.14     16.41  1 
 51343.574       4.04      1.48     15.79  2 
 51346.574       0.82      1.46     16.07  2 
 51364.559      -0.76      1.32     16.65  2 
 51367.609       2.32      2.81     16.80  1 
 51370.485      -0.75      1.11     17.35  2 
 51374.468       4.44      2.76     16.36  1 
 51377.409       2.72      1.39     16.97  2 
 51381.742       1.74      3.02     17.06  1 
 51385.747       2.98      1.16     18.09  2 
 51389.250      -0.59      2.67     16.33  1 
 51392.059       0.89      1.08     16.51  2 
 51396.377       6.60      2.83     16.07  1 
 51399.523       0.84      1.34     16.14  2 
 51402.574       4.58      2.73     16.52  1 
 51405.519       3.30      1.09     16.60  2 
 51408.502       1.17      2.63     16.62  1 
 51411.645       1.12      1.08     16.79  2 
 51415.560       1.37      2.62     16.39  1 
 51420.433       1.27      1.09     16.68  2 
 51423.417       0.42      2.58     16.46  1 
 51427.224       0.19      1.09     16.85  2 
 51430.208       8.93      2.78     16.51  1 
 51433.082       3.70      1.11     16.87  2 
 51436.000       1.52      2.68     16.35  1 
 51441.070       1.74      1.07     16.12  2 
 51444.854       6.22      2.69     16.05  1 
 51448.330       2.36      1.15     16.45  2 
 51452.715       2.48      2.66     16.04  1 
 51455.593       4.17      1.11     16.82  2 
 51463.316       1.90      1.11     16.86  2 
 51466.298      -0.24      2.58     16.25  1 
 51470.305       3.06      1.13     16.57  2 
 51472.223       5.85      2.68     16.14  1 
 51475.297       1.40      1.14     16.69  2 
 51478.080       6.35      2.71     16.13  1 
 51481.154       1.59      1.11     16.46  2 
 51484.137       3.34      2.93     16.30  1 
 51580.899       0.33      2.34     16.51  1 
 51584.769       1.13      1.15     16.61  2 
 51587.884      -0.16      3.23     16.22  1 
 51591.752       1.17      1.13     16.38  2 
 51594.734       8.16      2.85     16.10  1 
 51598.736       2.54      1.00     16.46  2 
 51602.383       6.94      2.81     16.09  1 
 51605.390      -0.44      1.14     16.20  2 
 51610.901      -2.08      2.78     16.30  1 
 51614.975       3.23      1.16     16.11  2 
 51618.086      -2.42      2.57     16.06  1 
 51623.020       1.78      1.15     16.31  2 
 51626.798       4.82      2.74     16.05  1 
 51629.803      -0.10      1.42     16.29  2 
 51633.713       3.95      2.70     16.29  1 
 51636.717      -0.65      1.15     16.70  2 
 51641.559       6.46      2.82     16.09  1 
 51645.491       2.65      1.15     16.32  2 
 51649.402       2.01      2.76     16.39  0 
 51653.335      -0.81      1.12     16.17  2 
 51656.250       5.43      2.74     15.71  1 
 51660.718       0.16      1.15     15.85  2 
 51664.097       1.53      2.72     15.97  1 
 51667.768       2.11      1.16     15.80  2 
 51671.743       1.13      2.43     16.10  1 
 51674.747       0.55      1.14     16.16  2 
 51677.659      -3.09      3.22     16.91  1 
 51683.652       2.83      2.00     17.71  2 
 51687.627      -2.71      4.39     17.60  1 
 51690.629       2.55      1.47     17.49  2 
 51694.405      -0.09      3.88     16.96  1 
 51697.340       2.97      1.91     17.55  2 
 51702.245       8.90      5.07     17.37  1 
 51727.648       0.44      1.35     17.25  2 
 51731.622       3.15      4.85     17.41  1 
 51739.527       2.07      4.32     17.59  1 
 51743.459       4.55      1.90     17.43  2 
 51747.233       3.27      4.61     17.09  1 
 51751.363      -1.16      1.76     17.43  2 
 51755.270       8.40      4.79     17.25  1 
 51759.400       3.17      1.83     17.29  2 
 51763.375      -1.77      4.47     16.88  1 
 51767.443       1.72      1.35     16.18  2 
 51771.550      -0.04      4.28     16.83  1 
 51775.616       2.53      1.80     17.19  2 
 51779.521       3.86      4.30     17.44  1 
 51783.386       5.19      1.91     17.20  2 
 51787.290       7.40      4.37     16.82  1 
 51791.421      -1.03      1.91     17.75  2 
 51803.095       2.61      4.66     16.96  1 
 51811.927       5.53      4.43     16.72  1 
 51815.793      -0.27      1.84     17.27  2 
 51819.700       4.84      4.54     16.98  1 
 51823.500       0.39      1.81     17.15  2 
 51827.538      -1.95      4.23     17.24  1 
 51831.268       0.44      1.82     16.93  2 
 51835.304       1.70      4.24     17.03  1 
 51839.300       1.09      1.94     17.45  2 
 51843.204       6.64      4.40     17.13  1 
 51847.132       1.38      1.88     17.55  2 
 51946.998       3.54      2.01     17.39  2 
 51949.903       0.34      3.50     16.84  1 
 51953.894       3.40      3.34     18.47  2 
 51956.800       1.84      4.74     17.18  1 
 51960.657       3.17      1.45     16.93  2 
 51963.563       5.75      3.75     16.87  1 
 51967.957       0.26      1.43     16.41  2 
 51971.389       2.30      3.54     16.56  1 
 51975.185       3.00      1.42     16.51  2 
 51977.892       2.08      3.69     16.13  1 
 51981.952       3.46      1.41     16.88  2 
 51986.050       3.63      3.56     16.78  1 
 51989.843       2.34      1.89     17.10  2 
 51993.874       0.52      4.39     17.42  1 
 51996.737       3.29      1.95     17.13  2 
 51999.840       9.71      4.94     17.23  1 
 52002.835       2.13      1.99     17.17  2 
 52007.463       2.90      3.50     16.51  1 
 52011.649       1.44      1.38     16.50  2 
 52014.421       8.43      4.88     16.68  1 
 52017.348       4.60      1.42     16.34  2 
 52020.585       1.45      4.67     16.35  1 
 52024.844       0.79      3.29     17.10  2 
 52027.747       3.17      4.75     16.18  1 
 52031.009       2.88      1.86     16.79  2 
 52034.973       5.71      4.53     16.99  1 
 52037.836      -0.25      1.80     16.94  2 
 52040.938       1.43      4.67     16.72  1 
 52043.734       5.59      1.46     16.34  2 
 52047.829       2.80      4.59     16.95  1 
 52051.751       2.38      1.50     16.61  2 
 52055.648       8.14      4.77     17.03  1 
 52059.568       5.45      1.95     17.12  2 
 52062.472      10.50      8.69     18.08  1 
 52065.464       7.72      1.88     16.97  2 
 52090.782       0.33      1.33     16.48  2 
 52093.829       1.65      1.36     16.46  2 
 52097.592       2.39      3.28     16.51  1 
 52101.580       1.29      1.89     16.67  2 
 52104.349       4.94      4.49     16.53  1 
 52107.474      -3.35      1.84     17.32  2 
 52111.238       0.43      4.39     16.66  1 
 52115.289       0.83      1.78     17.11  2 
 52119.252       4.95      4.59     16.73  1 
 52122.310      -0.07      1.74     16.89  2 
 52125.081       5.36      4.29     16.63  1 
 52129.468      -2.54      1.79     16.07  2 
 52132.504       0.12      4.49     15.78  1 
 52135.500       1.18      1.81     16.37  2 
 52139.594       1.08      4.31     16.57  1 
 52143.516       3.08      1.80     16.42  2 
 52146.549       9.22      3.34     16.47  1 
 52150.535      -1.21      1.84     16.91  2 
 52153.502      -2.05      4.25     16.74  1 
 52156.230       1.26      1.82     16.46  2 
 52160.125       0.58      3.22     16.22  1 
 52163.249       3.18      1.43     16.86  2 
 52167.011       6.68      3.43     16.36  1 
 52170.002       2.62      1.35     16.27  2 
 52173.832       5.51      4.53     16.46  1 
 52177.817      -0.89      1.82     16.60  2 
 52182.243       6.62      4.51     16.36  1 
 52184.643       3.04      1.79     16.14  2 
 52189.398      -1.03      4.25     16.46  1 
 52192.524       1.68      1.34     16.20  2 
 52195.357       3.67      4.28     16.62  1 
 52198.414       1.84      1.83     16.79  2 
 52202.174      11.80      4.41     16.58  1 
 52205.297       2.55      1.94     16.57  2 
 52209.123       7.32      4.38     16.41  1 
 52212.245       2.81      1.93     16.89  2 
 52311.827       4.38      4.41     17.20  1 
 52314.943       1.98      1.94     17.13  2 
 52317.904       2.35      4.55     17.46  1 
 52322.604       2.98      1.86     16.96  2 
 52325.499      -0.38      4.50     17.11  1 
 52328.681       2.57      1.82     17.29  2 
 52331.708       0.78      4.59     17.32  1 
 52339.900       5.35      4.57     16.84  1 
 52343.086       0.77      1.83     17.40  2 
 52345.912      -4.70      6.97     17.90  1 
 52350.944       2.12      1.82     17.51  2 
 52353.902       2.39      4.43     17.24  1 
 52357.876       2.47      1.42     16.67  2 
 52360.834       5.14      4.40     17.10  1 
 52363.817       0.81      1.95     17.22  2 
 52367.567       3.90      4.47     17.00  1 
 52384.275       0.86      1.86     17.14  2 
 52387.235       3.32      4.40     16.56  1 
 52390.285       1.12      1.91     17.20  2 
 52393.771      -2.91      4.33     16.71  1 
 52398.009       0.10      1.82     17.32  2 
 52401.954       3.77      4.45     17.07  1 
 52404.936       1.07      1.87     17.00  2 
 52411.797      -0.38      1.92     17.11  2 
 52414.753       0.31      4.38     16.76  1 
 52422.339       3.88      3.59     16.61  1 
 52426.504       0.13      1.80     17.12  2 
 52430.450      -1.11      4.92     16.96  1 
 52455.797       2.57      1.34     16.48  2 
 52462.654       0.82      1.40     16.57  2 
 52465.609       0.91      3.20     16.71  1 
 52468.523      -1.39      1.82     17.10  2 
 52472.467       5.59      4.51     16.87  1 
 52476.302       0.93      1.30     16.65  2 
 52479.258       2.27      3.39     16.44  1 
 52483.027       2.22      1.79     17.05  2 
 52486.381       0.70      4.27     16.67  1 
 52490.019       2.46      1.86     16.88  2 
 52493.372       2.33      4.22     17.05  1 
 52496.552       0.27      1.75     17.20  2 
 52500.496       5.33      4.26     16.55  1 
 52504.597       2.99      1.74     16.69  2 
 52507.617       1.72      4.39     16.79  1 
 52510.530      -0.40      1.77     16.75  2 
 52513.352       2.89      3.22     16.47  1 
 52516.266       0.58      1.39     16.27  2 
 52520.208       6.84      4.28     16.47  1 
 52524.305       3.48      1.77     16.97  2 
 52532.213       2.85      1.76     16.96  2 
 52535.827       5.98      4.38     16.48  1 
 52539.200      -0.37      1.75     16.66  2 
 52542.748       7.72      4.36     16.80  1 
 52546.389       3.61      1.82     16.74  2 
 52549.342       9.04      4.39     16.57  1 
 52552.520       0.78      1.75     16.58  2 
 52556.460       4.84      4.34     16.60  1 
 52560.295       1.22      1.81     16.64  2 
 52575.049       1.36      1.43     16.31  2 
 52578.133       2.35      3.35     16.78  1 
 52677.748       0.06      3.44     16.30  1 
 52680.720      -0.05      1.37     16.29  2 
 52683.538       0.38      4.42     16.64  1 
 52686.641       2.76      1.81     16.10  2 
 52689.723      -2.63      4.71     16.81  1 
 52692.563       2.34      1.38     15.96  2 
 52695.316       5.88      3.33     16.20  1 
 52713.888       3.69      1.42     16.19  2 
 52716.835      -0.29      3.45     16.71  1 
 52720.859       2.65      1.46     16.32  2 
 52723.807       0.26      3.23     16.82  1 
 52727.831       1.43      1.94     17.22  2 
 52730.648       1.77      4.55     17.03  1 
 52734.473       2.23      1.39     16.24  2 
 52737.619       6.78      4.77     16.29  1 
 52741.575      -0.40      1.80     16.72  2 
 52745.643       3.28      3.45     16.27  1 
 52747.761       0.93      1.83     16.62  2 
 52751.763       4.79      4.60     16.14  1 
 52755.132       1.10      1.38     16.56  2 
 52758.802       6.87      3.49     16.31  1 
 52761.907       1.19      1.36     16.10  2 
 52764.721      -2.35      3.18     16.42  1 
 52772.546       0.31      3.25     16.34  1 
 52776.504       2.55      1.41     16.19  2 
 52779.647       3.67      4.69     16.69  1 
 52783.341       2.57      1.85     17.05  2 
 52786.419       6.17      3.85     16.54  1 
 52790.506       0.12      1.34     16.55  2 
 52793.454       6.41      3.70     16.47  1 
 52796.491       0.74      1.32     16.45  2 
 52823.584      -0.82      1.39     16.38  2 
 52826.465       3.76      3.34     16.19  1 
 52829.435       0.32      1.35     16.41  2 
 52833.366       2.50      3.38     16.27  1 
 52836.336       0.76      1.34     16.18  2 
 52839.348       3.12      3.36     16.23  1 
 52843.237       0.10      1.72     16.37  2 
 52846.384       0.87      3.22     16.27  1 
 52849.555       0.80      1.38     15.76  2 
 52853.484       5.14      3.39     16.06  1 
 52857.641      -1.09      1.71     16.31  2 
 52861.770       0.22      3.28     16.31  1 
 52865.529       0.41      1.31     15.88  2 
 52868.474       0.18      3.12     16.24  1 
 52871.510      -0.27      1.82     16.76  2 
 52874.324      -0.32      3.13     16.29  1 
 52879.331      -1.46      1.40     16.05  2 
 52883.327       5.13      3.31     16.53  1 
 52886.296       1.22      1.76     16.98  2 
 52889.177       6.24      3.47     16.17  1 
 52892.210       1.88      1.37     16.15  2 
 52895.156       2.29      3.34     16.14  1 
 52898.783       0.37      1.31     16.26  2 
 52901.270       1.24      3.13     15.88  1 
 52905.427      -2.50      1.71     16.39  2 
 52909.358       3.19      3.20     16.01  1 
 52912.592      -0.70      1.36     16.00  2 
 52916.456      -2.57      3.95     16.51  1 
 52919.491      -0.61      1.33     16.14  2 
 52923.224      -0.94      3.10     16.07  1 
 52927.179      -2.10      1.34     16.07  2 
 52930.057       4.65      3.27     16.36  1 
 52934.076       0.69      1.41     15.99  2 
 52937.086       1.22      4.35     16.38  1 
 52941.104      -0.35      1.31     16.31  2 
 52945.036       4.40      3.62     16.27  1 
 53042.585      -0.48      1.36     16.43  2 
 53045.791      -1.43      3.65     16.65  1 
 53049.875       1.26      1.35     16.17  2 
 53052.817      -2.67      4.25     16.49  1 
 53056.445      -2.02      1.37     16.44  2 
 53059.189      -1.39      3.40     16.52  1 
 53063.209      -0.04      1.79     16.63  2 
 53066.939       2.58      3.31     16.36  1 
 53070.103      -1.94      1.81     17.10  2 
 53074.029       4.69      3.47     16.63  1 
 53076.995       1.28      1.44     16.68  2 
 53079.936       6.43      7.38     17.18  1 
 53083.756       0.50      1.42     16.34  2 
 53087.683       4.87      4.58     16.89  1 
 53091.501       0.81      1.36     16.34  2 
 53095.493       7.85      3.67     16.33  1 
 53098.654       3.08      1.37     16.44  2 
 53102.254       3.13      3.39     16.42  1 
 53106.799      -0.41      1.36     15.95  2 
 53110.792       6.23      3.53     16.12  1 
 53113.892      -2.20      1.76     16.75  2 
 53116.833       4.46      3.47     16.17  1 
 53119.997       0.40      1.37     16.19  2 
 53123.725      -0.45      4.30     16.52  1 
 53127.673      -0.26      1.42     16.45  2 
 53131.797       3.68      3.32     16.45  1 
 53134.500      -0.96      1.37     16.66  2 
 53137.637       3.17      3.50     16.59  1 
 53140.471       0.59      1.36     16.53  2 
 53143.412       5.21      4.82     16.60  1 
 53147.361       0.73      1.36     16.32  2 
 53150.368       8.67      4.79     16.91  1 
 53154.570       4.64      3.60     16.23  1 
 53157.669       0.91      1.36     16.04  2 
 53166.656      13.08      1.67     14.06  4 
 53173.614      11.89      1.83     14.28  4 
 53180.437      12.05      1.72     14.33  4 
 53187.589       9.75      2.52     14.33  4 
 53189.433      -0.35      1.36     16.62  2 
 53193.161       0.61      4.41     16.28  1 
 53193.428      13.19      2.70     14.98  4 
 53197.175       2.83      1.77     16.52  2 
 53200.116       2.12      3.43     16.36  1 
 53200.315      12.89      2.02     14.35  4 
 53204.460       0.99      1.34     16.35  2 
 53207.468       1.46      3.32     15.95  1 
 53208.391      13.96      1.92     14.12  4 
 53214.493      -0.07      4.22     16.88  1 
 53215.483      13.48      1.91     13.47  4 
 53218.576       0.70      1.34     16.14  2 
 53221.784      14.33      1.89     14.06  4 
 53222.566       0.86      3.17     16.75  1 
 53225.662       1.01      1.79     16.72  2 
 53228.673      10.93      1.88     14.01  4 
 53229.520       2.89      3.27     16.73  1 
 53233.272       1.64      1.38     16.16  2 
 53235.496      12.15      2.51     13.73  4 
 53236.409       1.08      4.23     17.12  1 
 53239.373       2.81      1.76     16.63  2 
 53242.317      14.80      1.93     14.03  4 
 53243.298      -0.26      3.30     16.36  1 
 53247.245      -0.54      1.35     16.54  2 
 53249.204      15.18      1.90     14.45  4 
 53250.186       3.98      3.42     16.31  1 
 53254.265      -0.24      1.71     16.77  2 
 53256.157      11.00      1.88     14.17  4 
 53257.273       0.65      4.19     16.30  1 
 53260.438       0.85      1.33     16.35  2 
 53262.264      14.89      1.93     13.93  4 
 53264.363       2.62      4.21     16.44  1 
 53267.461       2.95      1.37     15.93  2 
 53269.685      12.71      1.91     14.25  4 
 53270.663       6.52      4.49     17.17  1 
 53274.350       1.88      1.80     16.75  2 
 53276.508      14.78      1.91     14.31  4 
 53277.485       4.01      3.23     16.21  1 
 53281.237      -1.34      1.42     16.36  2 
 53284.116       8.24      2.41     14.71  4 
 53285.357      -4.57      4.14     16.81  1 
 53291.134      12.31      1.99     13.99  4 
 53292.114      -6.20      3.17     16.38  1 
 53295.077       2.05      1.69     16.66  2 
 53298.082      -2.70      3.36     16.60  1 
 53301.766       0.02      1.41     16.19  2 
 53304.052      -0.44      3.24     16.14  1 
 53304.774      13.51      1.76     14.06  4 
 53307.672       2.14      1.42     16.55  2 
 53398.633      11.59      1.66     13.91  4 
 53406.695      12.65      1.68     14.22  4 
 53412.927       5.62      3.68     15.88  1 
 53417.008       2.35      1.39     16.04  2 
 53419.945       0.41      4.35     16.41  1 
 53421.984      15.00      3.72     15.86  4 
 53423.041       1.00      1.35     16.35  2 
 53426.895      -0.18      3.25     16.53  1 
 53428.213      12.89      2.19     14.39  4 
 53430.842      -1.33      1.83     16.72  2 
 53433.779       3.96      3.35     16.57  1 
 53434.768      12.38      1.64     13.92  4 
 53437.725       0.69      1.40     16.48  2 
 53442.764       9.57      2.41     14.28  4 
 53445.591       1.26      1.37     16.02  2 
 53448.464       1.70      3.51     16.32  1 
 53449.515       9.96      2.24     13.98  4 
 53452.669      -0.67      1.77     17.06  2 
 53455.608       3.62      3.66     16.36  1 
 53456.593       8.49      1.68     14.29  4 
 53459.358      -2.34      1.90     16.99  2 
 53462.757      -3.72      4.47     17.06  1 
 53463.744      16.27      2.26     13.41  4 
 53469.184       1.88      3.73     16.49  1 
 53469.911      13.59      1.63     13.96  4 
 53471.952      -0.05      1.35     16.50  2 
 53475.872       6.63      3.54     16.56  1 
 53476.075      11.26      1.64     14.35  4 
 53479.752       5.06      1.42     16.12  2 
 53482.886      -0.72      4.23     16.49  1 
 53483.677      11.47      2.14     14.40  4 
 53486.831       0.42      1.45     16.56  2 
 53489.702      -1.27      4.15     16.54  1 
 53490.821      14.28      1.90     14.04  4 
 53493.450       0.86      1.38     16.41  2 
 53497.371      -3.23      3.42     16.57  1 
 53498.358      12.09      1.72     14.02  4 
 53501.314       3.66      1.84     16.52  2 
 53505.498      22.29      6.09     20.57  1 
 53506.221       9.76      1.64     14.07  4 
 53508.263       0.51      1.38     16.47  2 
 53510.546       4.50      7.43     17.57  1 
 53514.035       0.12      1.80     16.70  2 
 53518.744       2.82      3.42     16.27  1 
 53521.891      -4.19      3.33     16.55  1 
 53546.537      12.00      2.06     14.45  4 
 53553.351       7.99      2.64     15.10  4 
 53554.343       0.38      1.74     16.75  2 
 53558.329       5.98      7.96     16.35  1 
 53559.969      10.61      2.39     14.41  4 
 53561.947      -0.19      1.73     17.07  2 
 53565.019       2.22      5.40     16.45  1 
 53566.463      11.56      2.47     14.46  4 
 53569.622       1.48      1.51     15.96  2 
 53572.558       2.46      3.27     16.28  1 
 53573.940      11.09      1.94     14.53  4 
 53575.782      -0.85      1.36     16.26  2 
 53579.504      -0.85      4.17     16.87  1 
 53580.756      11.63      2.24     14.88  4 
 53582.466       1.13      1.83     16.55  2 
 53585.534       3.36      4.19     16.76  1 
 53589.543      -0.34      1.45     16.35  2 
 53592.414       4.21      4.46     17.31  1 
 53594.319      12.64      2.79     14.24  4 
 53598.246       3.34      3.43     16.53  1 
 53601.263      11.64      2.82     14.37  4 
 53602.057       0.76      1.35     16.29  2 
 53605.126      -0.42      4.48     17.04  1 
 53608.862       9.32      2.36     14.94  4 
 53609.266       2.73      2.84     18.28  2 
 53613.319      -2.69      4.19     16.58  1 
 53615.221      12.83      2.40     14.72  4 
 53616.613       0.03      1.34     16.00  2 
 53620.400      -2.73      3.21     16.23  1 
 53624.477      -0.36      1.75     16.68  2 
 53627.609       1.91      4.21     16.62  1 
 53631.357      -1.73      1.76     16.27  2 
 53634.490       4.26      4.23     16.73  1 
 53636.396       9.27      3.91     15.65  4 
 53638.236       0.61      1.35     16.31  2 
 53642.090       1.15      3.12     16.26  1 
 53643.274      11.14      2.54     14.43  4 
 53646.033       0.52      1.33     16.54  2 
 53649.100       4.93      3.36     16.38  1 
 53650.217      18.47      4.65     15.25  4 
 53652.125      -0.17      1.76     16.66  2 
 53658.077       9.75      2.50     14.94  4 
 53659.202      -0.23      1.65     16.69  2 
 53665.227      10.85      2.53     14.38  4 
 53666.348      -1.24      1.77     16.52  2 
 53670.465       1.69      4.22     16.61  1 
 53672.567       7.85      2.37     14.39  4 
 53673.362      -0.86      1.37     16.04  2 
 53766.842      10.61      1.63     14.05  4 
 53773.988      12.01      1.69     13.89  4 
 53775.045       2.26      1.37     16.15  2 
 53778.177       3.72      4.77     16.82  1 
 53779.951      12.50      1.63     14.09  4 
 53781.007       0.15      1.39     16.60  2 
 53784.923       2.24      4.33     17.07  1 
 53787.091      15.45      3.73     15.96  4 
 53787.818       0.81      3.28     18.12  2 
 53791.801       0.67      4.26     16.84  1 
 53794.761       0.05      1.86     16.74  2 
 53797.896       9.09      3.98     15.54  4 
 53798.809       1.09      7.28     17.91  1 
 53801.768       0.70      1.83     16.68  2 
 53804.772       8.58      4.18     15.63  4 
 53805.686       6.82      7.95     18.27  1 
 53809.692       1.59      3.07     17.72  2 
 53811.517       7.84      3.73     16.10  4 
 53812.367       4.09      7.15     17.50  1 
 53816.836      -0.73      3.12     17.52  2 
 53818.794      10.48      2.21     14.24  4 
 53819.773       1.72      7.34     17.98  1 
 53822.866       0.51      1.83     17.17  2 
 53826.194       9.23      8.25     18.12  1 
 53829.876       1.11      1.82     16.30  2 
 53833.078      13.20      3.71     15.45  4 
 53833.792      -0.89      4.34     16.74  1 
 53836.818       3.02      3.30     17.79  2 
 53839.692      10.75      2.18     14.01  4 
 53840.669       3.53      3.25     15.95  1 
 53844.807      -1.76      1.93     16.40  2 
 53846.830       6.89      2.20     13.78  4 
 53847.742       5.28      3.33     16.24  1 
 53851.421       2.08      1.93     16.03  2 
 53853.509      12.52      2.32     14.05  4 
 53854.422      -3.66      3.12     15.76  1 
 53858.558       1.65      1.34     15.67  2 
 53860.514      12.16      2.30     14.33  4 
 53861.495       3.55      3.33     15.78  1 
 53864.323      -1.29      1.90     16.09  2 
 53867.592      13.85      2.21     13.18  4 
 53868.701      -0.58      7.74     17.25  1 
 53875.713      -2.20      4.42     15.98  1 
 53878.739       2.00      1.93     15.72  2 
 53881.870      -2.65      4.31     16.35  1 
 53884.895       1.06      1.95     16.20  2 
 53887.829      -2.20      4.36     16.06  1 
 53890.723       2.96      1.39     16.06  2 
 53892.746      11.24      2.21     13.63  4 
 53893.473      -0.62      1.93     16.15  2 
 53900.341      12.92      2.38     14.54  4 
 53906.495      12.38      2.39     13.99  4 
 53914.351      15.59      2.41     13.55  4 
 53918.557       2.80      1.82     16.02  2 
 53920.514      16.24      2.47     12.87  4 
 53923.603       4.02      1.81     16.14  2 
 53927.586      -8.69      4.18     16.17  1 
 53928.574       7.32      2.30     14.73  4 
 53930.611       3.06      1.77     15.63  2 
 53933.611      -1.39      4.34     16.44  1 
 53936.629      10.91      2.38     14.89  4 
 53937.487       0.75      1.78     15.98  2 
 53941.534       6.02      4.57     15.75  1 
 53943.569      15.53      2.45     13.68  4 
 53945.475      -0.32      1.80     16.32  2 
 53949.457       0.80      4.33     16.20  1 
 53950.248      13.73      2.46     13.64  4 
 53952.350      -1.03      1.71     15.65  2 
 53958.169      13.60      2.45     13.50  4 
 53958.308       1.72      1.75     16.26  2 
 53962.160      11.22      4.79     15.72  1 
 53964.259      12.51      2.43     13.98  4 
 53965.316       0.93      1.74     16.30  2 
 53969.366      -4.39      4.24     15.99  1 
 53971.470      10.79      2.49     13.85  4 
 53972.459       1.18      1.78     15.66  2 
 53975.459       8.12      4.73     15.99  1 
 53977.430      14.43      2.49     13.51  4 
 53980.451       1.46      1.77     16.18  2 
 53983.581       3.21      4.55     16.36  1 
 53984.373      13.95      2.45     13.86  4 
 53987.588       1.12      1.78     15.95  2 
 53991.372       3.03      4.46     16.42  1 
 53992.426      10.55      2.38     13.67  4 
 53995.182      -0.52      1.76     16.14  2 
 53998.313       8.10      4.55     16.36  1 
 53999.365      13.74      2.55     14.16  4 
 54002.122       3.66      1.81     16.02  2 
 54006.174      13.69      2.54     13.79  4 
 54008.014       2.62      1.78     15.90  2 
 54011.080       1.75      4.41     16.03  1 
 54013.832      11.90      2.43     13.83  4 
 54015.741       2.08      1.78     15.89  2 
 54019.139      10.01      2.38     13.69  4 
 54019.791      -7.43      3.94     15.87  1 
 54022.754       0.17      1.75     16.15  2 
 54025.233      15.16      2.55     13.84  4 
 54026.277       9.66      4.75     16.10  1 
 54029.369       5.52      1.83     15.97  2 
 54031.326      13.25      2.44     13.58  4 
 54032.237       2.44      4.46     15.99  1 
 54035.327       1.61      1.78     15.96  2 
 54037.416       9.88      2.39     13.48  4 
 54038.326      -1.73      4.21     16.03  1 
 54132.030      17.74      2.37     13.60  4 
 54138.969      11.38      2.29     14.59  4 
 54139.159       1.13      4.43     16.07  1 
 54142.118       0.78      1.96     16.19  2 
 54144.794       9.30      2.29     14.99  4 
 54145.836       3.06      4.49     16.31  1 
 54148.925       1.72      1.98     16.18  2 
 54151.667       6.91      2.25     14.33  4 
 54152.644       5.86      4.73     16.17  1 
 54155.666      -0.75      1.88     16.39  2 
 54157.622      16.18      2.40     13.51  4 
 54162.539       1.72      1.91     16.08  2 
 54165.671      10.11      2.29     14.04  4 
 54166.390      -3.43      4.23     15.90  1 
 54170.397      -0.49      1.95     16.01  2 
 54173.726      18.10      2.39     13.53  4 
 54174.184       7.33      4.65     16.09  1 
 54177.996       3.07      1.94     16.12  2 
 54179.887       7.28      2.21     13.32  4 
 54180.864      -3.72      4.22     16.08  1 
 54184.084       1.02      1.90     16.03  2 
 54186.827      10.96      2.25     13.98  4 
 54188.064       2.53      4.48     16.65  1 
 54190.957      -2.55      1.90     16.36  2 
 54193.764      14.91      2.31     13.62  4 
 54194.675       0.04      4.31     16.61  1 
 54197.698      -1.53      1.35     16.18  2 
 54199.851       8.36      2.22     13.98  4 
 54201.548       0.06      4.34     16.25  1 
 54204.701      -0.68      1.92     16.61  2 
 54207.442       9.73      2.28     14.32  4 
 54208.420       2.96      4.64     16.35  1 
 54212.358      -3.91      1.85     16.54  2 
 54214.247       8.55      2.19     13.44  4 
 54216.275       4.84      4.51     15.81  1 
 54219.625      -2.05      1.86     16.46  2 
 54221.512       7.16      2.17     14.46  4 
 54222.692       5.79      4.73     15.35  1 
 54225.850      -1.47      1.91     16.11  2 
 54228.787       9.70      2.19     13.40  4 
 54229.830       2.48      4.69     16.29  1 
 54232.920       2.38      1.93     15.98  2 
 54235.728      10.71      2.21     13.88  4 
 54236.704       7.72      4.75     16.56  1 
 54238.674      12.56      2.21     13.68  4 
 54240.709       0.47      1.95     16.28  2 
 54243.707       1.03      4.45     15.92  1 
 54247.516      -1.40      1.92     16.01  2 
 54251.561       2.42      4.60     16.17  1 
 54255.565       1.58      1.96     16.64  2 
 54256.342       9.09      2.23     14.31  4 
 54263.278      14.18      2.33     13.53  4 
 54270.413      13.65      2.31     13.96  4 
 54277.552      13.09      2.40     13.35  4 
 54283.652       2.07      1.77     16.03  2 
 54285.804       7.84      2.31     14.82  4 
 54289.529       6.63      4.71     15.94  1 
 54292.480       7.37      2.31     14.74  4 
 54292.618       2.53      1.83     16.44  2 
 54296.401       5.17      4.56     16.23  1 
 54298.631       9.08      2.36     14.13  4 
 54299.358      -1.83      1.75     16.63  2 
 54302.291      -4.37      4.15     15.87  1 
 54305.247      -0.32      1.75     16.19  2 
 54305.502      11.48      2.48     14.18  4 
 54308.181      -3.07      4.42     16.06  1 
 54312.053       4.94      1.87     15.87  2 
 54312.372       8.92      2.42     14.27  4 
 54316.034       3.05      4.44     15.86  1 
 54319.318       1.18      1.74     15.82  2 
 54320.224       8.59      2.33     13.23  4 
 54322.452      -1.47      4.36     15.47  1 
 54325.476       1.40      1.78     15.33  2 
 54328.412      11.38      2.48     13.45  4 
 54329.457      -5.00      4.24     15.65  1 
 54333.464       2.60      1.80     16.09  2 
 54334.635      14.30      2.41     13.37  4 
 54336.461      -2.12      4.19     16.17  1 
 54340.597       1.43      1.81     16.61  2 
 54341.637      14.99      2.46     14.52  4 
 54344.315      -1.16      4.31     16.51  1 
 54347.468       3.59      1.87     16.24  2 
 54349.228      10.01      2.42     14.10  4 
 54352.299       3.40      4.42     16.36  1 
 54356.099      10.06      2.46     14.06  4 
 54356.302       0.78      1.77     16.29  2 
 54359.236      -0.59      4.35     16.04  1 
 54362.911       3.94      1.82     16.14  2 
 54363.885      15.13      2.48     13.28  4 
 54366.172      -2.76      4.33     16.03  1 
 54369.261       0.49      1.74     16.11  2 
 54370.169      11.23      2.40     14.54  4 
 54372.195       2.05      4.34     15.99  1 
 54376.326      11.71      2.52     14.25  4 
 54379.332       2.27      4.59     15.92  1 
 54383.405       1.45      1.77     16.14  2 
 54384.379       9.54      2.40     13.87  4 
 54386.598      -7.74      3.94     15.72  1 
 54390.335      14.57      2.46     13.39  4 
 54390.473       1.73      1.77     15.34  2 
 54393.221      -1.60      1.76     16.20  2 
 54396.159      10.62      2.42     14.20  4 
 54397.331       2.36      4.35     15.96  1 
 54401.061       3.32      4.36     16.03  1 
 54404.214      -1.10      1.78     15.82  2 
 54496.881      11.70      2.27     13.75  4 
 54503.882       8.97      2.27     14.12  4 
 54504.727       6.50      4.56     15.76  1 
 54508.665      -0.20      1.88     16.10  2 
 54510.620       6.94      2.26     14.02  4 
 54511.663      -6.55      4.14     15.55  1 
 54517.685       9.31      2.29     13.72  4 
 54518.402      10.81      4.84     15.77  1 
 54521.884       0.45      1.90     15.91  2 
 54524.823      10.52      2.26     13.65  4 
 54525.275      12.23      4.76     15.75  1 
 54528.955      -3.98      1.86     16.11  2 
 54530.909       9.09      2.29     13.23  4 
 54532.870       4.21      4.70     15.95  1 
 54536.220      -2.62      1.86     16.44  2 
 54538.242      15.47      2.33     14.03  4 
 54540.134      -2.02      4.41     16.28  1 
 54543.025      -1.23      1.89     15.81  2 
 54545.047      12.34      2.28     13.80  4 
 54546.742      -4.05      4.22     16.55  1 
 54550.680       1.21      1.95     16.02  2 
 54551.916      10.62      2.26     13.73  4 
 54553.743       5.77      4.57     16.06  1 
 54556.568       0.32      1.91     16.08  2 
 54558.589       8.86      2.27     13.89  4 
 54560.482      -0.94      4.35     16.01  1 
 54564.418      -3.18      1.84     16.26  2 
 54566.372       9.06      2.21     13.59  4 
 54568.594      -0.24      4.41     15.76  1 
 54571.615       0.24      1.88     15.98  2 
 54573.638       7.22      2.17     14.27  4 
 54575.269      -4.81      4.10     16.05  1 
 54578.818      -2.16      1.92     16.02  2 
 54580.705      11.26      2.32     12.95  4 
 54581.816      -1.80      4.53     16.22  1 
 54584.775       1.41      1.94     15.63  2 
 54586.992       7.59      2.17     13.72  4 
 54588.754      -4.39      4.26     16.41  1 
 54591.776      -0.01      1.55     25.83  2 
 54593.994      10.27      2.18     13.55  4 
 54595.754      -0.11      4.35     16.18  1 
 54598.711       2.99      2.01     16.15  2 
 54600.862      13.57      2.26     13.23  4 
 54602.624       8.62      4.76     16.14  1 
 54603.806      10.92      2.24     13.74  4 
 54606.430       1.12      1.95     16.04  2 
 54609.559      -3.75      4.39     16.60  1 
 54613.429      -1.60      1.88     16.26  2 
 54616.493       0.15      4.57     16.11  1 
 54620.168       2.09      1.95     15.77  2 
 54621.469      12.20      2.22     13.78  4 
 54623.243      -4.44      1.85     16.11  2 
 54629.518      14.67      2.39     13.64  4 
 54636.591      10.46      2.33     14.25  4 
 54642.742       8.83      2.28     14.03  4 
 54650.664      -1.85      1.78     16.08  2 
 54651.442      10.54      2.35     14.41  4 
 54653.400       3.75      4.49     15.70  1 
 54656.355       0.97      1.76     15.78  2 
 54657.264      13.27      2.41     13.85  4 
 54659.352       2.32      4.59     15.98  1 
 54662.373       4.26      1.78     15.71  2 
 54663.346      11.79      2.46     13.95  4 
 54665.240       4.22      4.63     16.40  1 
 54669.373       2.17      1.75     16.30  2 
 54670.279      12.05      2.42     13.56  4 
 54672.371       0.96      4.40     15.91  1 
 54676.368      14.49      2.42     13.88  4 
 54676.507       2.17      1.81     15.37  2 
 54679.441       6.70      4.74     15.97  1 
 54682.597       3.60      1.80     15.71  2 
 54684.485      10.72      2.43     14.00  4 
 54686.837      -1.45      4.56     16.60  1 
 54690.703       6.01      2.34     14.81  4 
 54691.495       1.84      1.77     15.96  2 
 54694.623      -2.50      4.15     16.01  1 
 54697.376      10.78      2.35     13.85  4 
 54698.429      -1.54      1.76     16.17  2 
 54701.491       0.15      4.24     16.64  1 
 54703.525      10.79      2.43     13.45  4 
 54705.233       1.72      1.78     15.89  2 
 54707.253      12.82      2.46     13.69  4 
 54708.295      -2.39      4.27     16.16  1 
 54711.185       0.70      1.77     16.46  2 
 54714.121      14.49      2.51     13.99  4 
 54715.164       8.50      4.71     16.48  1 
 54719.165      -1.49      1.71     16.26  2 
 54723.145      -3.74      4.21     16.12  1 
 54727.346       3.42      1.83     15.45  2 
 54728.118      10.90      2.38     13.57  4 
 54730.345      -3.64      4.37     15.47  1 
 54733.436       2.04      1.81     16.54  2 
 54735.389       9.62      2.43     13.14  4 
 54737.348      -0.78      4.44     16.10  1 
 54740.371       2.03      1.77     15.54  2 
 54743.564       0.67      4.33     16.20  1 
 54745.271      11.86      2.40     14.00  4 
 54747.240       4.14      1.84     15.82  2 
 54750.171      -0.88      4.05     16.12  1 
 54752.204       9.08      2.38     13.48  4 
 54753.127      -0.33      1.78     16.00  2 
 54757.105       8.30      4.56     16.24  1 
 54758.287      11.08      2.46     13.97  4 
 54764.954      -5.10      4.28     16.23  1 
 54765.874       7.34      2.41     13.67  4 
 54768.891       0.19      1.76     16.35  2 
 54863.683      12.33      2.36     13.42  4 
 54870.743      10.72      4.87     16.40  1 
 54871.791      12.26      2.33     13.84  4 
 54873.763      -0.90      1.85     16.29  2 
 54876.827      10.14      4.66     16.15  1 
 54877.813      10.74      2.29     14.70  4 
 54879.982      -2.70      1.91     15.86  2 
 54884.289       6.93      4.72     15.84  1 
 54884.880      16.05      2.43     13.57  4 
 54887.247      -0.74      1.88     16.29  2 
 54890.243       5.73      4.71     16.43  1 
 54891.949       8.04      2.24     14.18  4 
 54893.984       3.38      1.95     16.32  2 
 54896.064      -1.02      4.33     16.35  1 
 54897.902       8.88      2.22     14.25  4 
 54900.067      -2.57      1.90     16.23  2 
 54903.788      11.92      2.29     14.07  4 
 54905.679      -1.93      4.29     16.37  1 
 54908.831       0.62      1.95     16.21  2 
 54910.655      13.76      2.36     13.55  4 
 54911.631      -8.60      4.21     16.16  1 
 54914.651      -1.00      1.87     16.20  2 
 54917.717       8.98      2.32     14.36  4 
 54918.629       2.84      4.69     16.61  1 
 54922.630       2.93      1.94     16.52  2 
 54924.651      12.21      2.25     13.51  4 
 54925.628       0.95      4.45     16.01  1 
 54929.763       0.74      1.96     16.13  2 
 54932.699      16.22      2.38     13.46  4 
 54933.809      -4.94      4.34     15.46  1 
 54936.898      -0.78      1.89     16.03  2 
 54938.853      12.56      2.28     13.52  4 
 54939.764       1.39      4.51     16.68  1 
 54942.851      -1.09      1.89     16.35  2 
 54945.984      14.24      2.27     13.86  4 
 54947.809      -2.79      4.32     16.45  1 
 54951.680      -0.61      1.95     15.98  2 
 54954.611       7.52      4.71     16.26  1 
 54958.547      -1.38      1.92     16.68  2 
 54960.502      13.04      2.33     14.32  4 
 54961.675       9.54      4.84     16.64  1 
 54965.610       1.23      1.92     15.83  2 
 54966.583      11.52      2.31     14.14  4 
 54968.541      -2.35      4.52     16.48  1 
 54969.526      12.16      2.30     13.79  4 
 54971.561       0.34      1.89     16.19  2 
 54975.475       8.34      4.76     15.90  1 
 54979.675       2.57      2.00     16.17  2 
 54982.607       4.79      4.84     15.66  1 
 54985.697      -1.91      1.92     15.87  2 
 54989.753       0.02      1.89     15.87  2 
 54990.727      11.08      2.20     13.56  4 
 54998.642      10.73      2.26     14.25  4 
 55004.462      12.40      2.32     13.72  4 
 55010.543       4.84      2.28     14.12  4 
 55014.474       4.16      1.84     16.96  2 
 55016.494      12.27      2.45     13.58  4 
 55017.405      22.22      5.36     16.28  1 
 55023.162      13.59      2.40     13.44  4 
 55025.318       9.16      4.79     15.94  1 
 55028.540       5.31      1.85     15.36  2 
 55030.496      10.16      2.43     13.28  4 
 55031.469      -3.04      4.42     15.71  1 
 55034.625       2.48      1.80     15.88  2 
 55037.559      11.68      2.48     14.59  4 
 55038.537       1.18      4.54     16.16  1 
 55042.606      -0.84      1.71     16.24  2 
 55045.470      -6.01      4.11     16.04  1 
 55048.492       2.93      1.80     15.68  2 
 55050.578       9.42      2.36     14.49  4 
 55052.534      11.96      4.67     16.30  1 
 55055.359      -2.08      1.74     15.87  2 
 55058.354       3.72      4.50     16.36  1 
 55059.210      10.14      2.43     13.77  4 
 55061.375      -0.43      1.76     16.14  2 
 55064.175      -3.53      4.21     15.75  1 
 55066.337      11.64      2.50     14.08  4 
 55067.325       1.17      1.76     16.35  2 
 55071.237      -4.28      4.28     16.45  1 
 55073.921       8.57      2.40     14.06  4 
 55074.257       0.87      1.74     16.46  2 
 55078.236       4.08      4.42     15.70  1 
 55080.269      15.13      2.41     12.85  4 
 55081.389       0.01      1.79     16.14  2 
 55085.696      -0.01      4.40     16.24  1 
 55087.469      10.75      2.44     13.61  4 
 55088.588       0.91      1.75     15.80  2 
 55092.631       1.23      4.38     16.39  1 
 55094.337      10.69      2.45     14.38  4 
 55106.168      -2.65      4.25     16.02  1 
 55108.136      11.19      2.43     13.92  4 
 55110.104      -2.03      1.77     17.00  2 
 55113.232       9.34      4.77     16.40  1 
 55115.262      13.65      2.55     14.19  4 
 55116.186      -1.66      1.74     16.31  2 
 55123.827      11.53      2.45     13.55  4 
 55124.097       4.40      1.82     16.21  2 
 55127.749       2.31      4.39     16.12  1 
 55134.161      -2.19      4.41     16.00  1 
 55228.730      27.54      2.55     14.08  4 
 55234.883      31.94      2.67     13.74  4 
 55235.336       4.38      4.64     15.93  1 
 55238.360      -1.66      1.86     16.34  2 
 55240.378       9.26      2.37     13.83  4 
 55244.247      -0.16      1.88     16.15  2 
 55247.967      11.50      2.28     13.96  4 
 55249.137       1.21      4.77     16.26  1 
 55252.093      -0.48      1.91     16.04  2 
 55254.825       1.03      4.45     16.77  1 
 55255.093       9.65      2.24     14.09  4 
 55257.780       0.26      1.95     16.19  2 
 55261.691      11.57      4.81     16.57  1 
 55264.645      28.37      2.33     16.40  2 
 55268.752       3.99      4.58     16.18  1 
 55269.801      16.01      2.45     14.49  4 
 55271.704       2.31      1.92     16.47  2 
 55275.616       4.41      4.63     15.90  1 
 55277.645      34.47      2.63     14.20  4 
 55279.682      20.63      2.19     15.88  2 
 55282.744       6.52      4.75     15.82  1 
 55283.799      15.36      2.39     14.04  4 
 55286.291      25.25      2.28     16.64  2 
 55290.857      14.31      5.01     15.76  1 
 55291.908      27.14      2.50     13.51  4 
 55293.878      19.22      2.18     15.80  2 
 55296.938      25.73      5.32     16.31  1 
 55297.794      25.76      2.46     13.67  4 
 55299.827      20.24      2.23     16.22  2 
 55306.822      -0.98      1.96     16.45  2 
 55310.536      -0.34      4.43     15.93  1 
 55311.848      10.58      2.25     13.51  4 
 55313.751       0.22      1.96     16.53  2 
 55317.400      -2.02      4.44     16.53  1 
 55318.384      12.25      2.27     13.84  4 
 55320.352      -0.67      1.90     16.16  2 
 55324.459      -6.93      4.32     15.99  1 
 55325.508       8.26      2.23     13.93  4 
 55327.543      31.19      2.34     15.87  2 
 55331.586       7.49      4.70     16.14  1 
 55335.720      29.23      2.39     15.84  2 
 55339.697       3.11      4.70     15.73  1 
 55342.718      31.94      2.39     16.02  2 
 55345.648       5.00      4.56     15.46  1 
 55348.798      29.62      2.35     16.05  2 
 55353.825      12.41      2.23     14.11  4 
 55354.551       1.91      2.00     16.13  2 
 55360.687      30.76      2.59     14.21  4 
 55366.439      36.82      2.74     13.97  4 
 55372.255       9.92      2.34     13.46  4 
 55379.380     109.60      3.58     14.31  4 
 55383.576      38.43      2.30     15.66  2 
 55386.511      13.83      2.47     13.32  4 
 55387.552       1.02      4.75     15.36  1 
 55391.686       4.77      1.79     15.36  2 
 55393.509      12.73      2.43     13.14  4 
 55395.595      -3.35      4.27     15.85  1 
 55398.550       3.70      1.79     15.58  2 
 55400.831      10.49      2.38     13.91  4 
 55402.720       5.35      4.52     16.06  1 
 55406.525      -0.17      1.78     15.78  2 
 55407.433      15.74      2.46     14.21  4 
 55408.539       6.74      4.66     15.99  1 
 55411.361      20.90      2.09     16.66  2 
 55414.491      28.96      2.70     13.82  4 
 55415.401      12.49      4.78     16.09  1 
 55418.158      18.17      2.01     15.94  2 
 55421.353      29.10      2.71     13.49  4 
 55422.264      12.08      4.92     16.02  1 
 55425.281      20.86      2.02     15.56  2 
 55428.148      24.14      2.65     14.15  4 
 55429.257      16.31      4.92     16.29  1 
 55432.477      12.39      1.96     15.11  2 
 55435.208      24.68      2.58     13.67  4 
 55436.385       6.71      4.86     16.04  1 
 55439.865      11.79      1.93     16.53  2 
 55442.471      16.87      2.57     14.25  4 
 55444.625       9.13      4.71     15.95  1 
 55447.449       8.91      1.88     16.00  2 
 55449.533      12.87      2.42     14.17  4 
 55450.377       5.37      4.53     16.11  1 
 55453.527       0.02      1.76     15.96  2 
 55456.461      11.48      2.41     14.06  4 
 55457.239      -5.45      3.99     16.06  1 
 55460.193      -0.52      1.77     16.11  2 
 55463.322      10.49      2.44     13.81  4 
 55464.298       0.61      4.45     16.32  1 
 55468.231       2.21      1.79     15.95  2 
 55471.160      -5.29      4.09     15.97  1 
 55477.828      10.52      2.44     14.10  4 
 55478.087      -5.60      4.18     15.44  1 
 55482.285      -1.39      1.76     15.89  2 
 55484.104       8.25      2.32     13.44  4 
 55485.213       3.05      4.64     15.91  1 
 55488.497      -2.61      1.71     15.83  2 
 55491.622      -2.43      4.34     16.11  1 
 55495.492       3.27      1.82     16.43  2 
 55498.622      10.04      2.40     13.88  4 
 55499.204      -4.96      4.13     16.15  1 
 55593.118       8.55      2.31     14.12  4 
 55600.040       5.44      4.07     16.03  1 
 55601.222       9.25      2.27     14.57  4 
 55603.189      -1.49      1.88     16.00  2 
 55607.096       4.52      4.52     16.00  1 
 55608.082      12.06      2.27     13.66  4 
 55613.961       8.07      2.23     13.60  4 
 55614.675       0.22      4.45     16.32  1 
 55618.671      -1.15      1.86     15.62  2 
 55620.819       6.80      2.24     13.25  4 
 55628.721      10.80      2.29     13.64  4 
 55629.568       1.09      4.58     15.27  1 
 55633.828      -1.55      1.85     15.98  2 
 55635.714      10.57      2.24     13.49  4 
 55636.822      16.43      5.04     16.07  1 
 55640.300       2.60      1.92     16.19  2 
 55642.839       7.92      2.28     13.70  4 
 55643.882       4.86      4.72     15.84  1 
 55647.031       3.18      1.93     16.13  2 
 55649.833      11.53      2.25     13.40  4 
 55650.806      -9.52      4.12     15.77  1 
 55654.020       2.00      1.93     15.83  2 
 55656.037      11.10      1.88     26.54  4 
 55657.729      -3.64      4.20     15.88  1 
 55661.857      -2.07      1.95     16.36  2 
 55663.874      11.09      2.29     13.70  4 
 55664.587      -0.49      4.31     16.08  1 
 55668.517      -0.62      1.90     16.15  2 
 55670.469       6.65      2.22     14.04  4 
 55671.640       0.48      4.54     16.24  1 
 55675.438       0.10      1.89     15.81  2 
 55677.389       9.12      2.15     13.58  4 
 55678.561       3.39      4.61     15.60  1 
 55681.577      -1.96      1.84     15.87  2 
 55684.575      16.12      2.25     13.24  4 
 55685.224       3.50      4.49     15.95  1 
 55689.811      -1.49      1.91     15.61  2 
 55690.191      10.34      2.21     13.66  4 
 55692.738      -0.97      4.53     15.32  1 
 55696.802      -0.34      1.89     16.00  2 
 55697.120       9.87      2.22     13.29  4 
 55699.929      12.15      2.22     13.36  4 
 55700.706      -2.35      4.33     15.89  1 
 55703.722      -1.62      1.88     15.45  2 
 55706.844      -5.22      4.19     15.96  1 
 55710.578      -1.21      1.92     15.59  2 
 55713.700      11.04      4.80     15.84  1 
 55716.388      -5.01      1.84     15.75  2 
 55718.601       9.28      2.22     13.25  4 
 55719.588      -0.44      1.90     15.91  2 
 55725.520      13.66      2.35     13.66  4 
 55740.474       9.70      2.28     13.58  4 
 55744.666       0.54      1.73     15.48  2 
 55747.597      10.87      2.36     13.19  4 
 55750.595       7.53      4.75     16.00  1 
 55754.525      -2.19      1.70     15.26  2 
 55755.497      10.29      2.36     13.73  4 
 55759.408      -0.80      4.30     15.81  1 
 55761.633      12.17      2.39     13.74  4 
 55762.554       1.04      1.81     15.56  2 
 55767.372       5.20      4.61     15.67  1 
 55768.486      10.59      2.41     13.55  4 
 55769.407      -1.91      1.71     15.92  2 
 55773.116      -1.14      4.39     15.33  1 
 55775.339      11.65      2.43     13.41  4 
 55780.166      -1.11      4.35     15.91  1 
 55782.909      13.00      2.40     13.17  4 
 55783.377       1.49      1.72     15.41  2 
 55789.378      12.69      2.44     13.13  4 
 55790.498      -1.44      1.74     15.18  2 
 55796.432       5.11      2.34     13.49  4 
 55797.485       1.61      1.75     15.16  2 
 55801.454       6.62      4.55     15.69  1 
 55803.614      11.48      2.37     13.71  4 
 55804.600      -1.16      1.73     15.77  2 
 55808.373      -0.46      4.31     15.79  1 
 55810.532      16.10      2.48     13.96  4 
 55811.452      -1.22      1.79     16.13  2 
 55818.304       1.84      1.79     16.10  2 
 55822.013       2.46      4.38     15.31  1 
 55824.235      14.43      2.51     13.55  4 
 55825.221       1.89      1.76     15.83  2 
 55829.126       4.56      4.51     15.59  1 
 55832.204       0.24      1.72     15.69  2 
 55836.241      -0.44      4.28     15.26  1 
 55838.917       9.03      2.34     13.11  4 
 55839.323       0.68      1.79     15.30  2 
 55843.423     -10.37      3.92     15.15  1 
 55845.320       9.10      2.38     12.91  4 
 55846.634       3.63      1.81     15.93  2 
 55850.341       7.22      4.66     15.76  1 
 55852.500      11.97      2.41     13.56  4 
 55857.191      12.96      4.76     15.41  1 
 55859.284       9.34      2.35     13.34  4 
 55860.334       0.57      1.82     15.77  2 
 55864.105       3.43      4.51     16.16  1 
