; SOURCE: XTE J1744-230
; SOURCE RA:       266.035     SOURCE DEC:      -23.1220
; CREATION DATE: Fri Nov  4 01:45:15 2011
; DATE(MJD) RATE ERROR BKG SCANTYPE EBAND
 51214.896      33.34      4.99      8.42  1 
 51217.827      34.57      6.22      8.53  1 
 51220.759      51.51      6.74      8.69  1 
 51224.823      33.33      5.60      8.51  1 
 51227.754      56.70      5.96      8.98  1 
 51231.668      29.27      2.91      8.39  2 
 51234.817      28.55      5.05      8.31  1 
 51238.468      26.49      2.81      8.31  2 
 51241.349      36.76      6.18      8.27  1 
 51245.336      29.42      2.94      8.37  2 
 51248.215      46.48      6.00      8.15  1 
 51252.198      36.65      3.12      8.63  2 
 51255.876      42.97      6.59      8.74  1 
 51259.992      32.30      2.72      9.70  2 
 51262.805      37.82      5.82      9.00  1 
 51265.854      32.26      2.68      9.74  2 
 51269.799      31.93      5.75      9.23  1 
 51273.780      31.17      3.01      9.40  2 
 51276.594      43.93      5.43      9.19  1 
 51280.507      30.01      2.97      9.23  2 
 51283.521      33.07      6.63      8.90  1 
 51287.436      33.08      3.03      9.26  2 
 51290.251      35.62      5.68      8.87  1 
 51294.303      29.85      3.01      9.15  2 
 51297.849      24.73      6.45      8.71  1 
 51301.034      28.59      4.19      9.36  2 
 51303.979      31.61      6.69      9.57  1 
 51308.960      33.18      3.48      9.40  2 
 51311.705      37.15      5.91      9.31  1 
 51313.888      25.34      2.85      9.61  2 
 51318.699      21.96      6.20      9.24  1 
 51322.613      25.12      3.26      9.36  2 
 51325.493      34.73      8.24      9.03  1 
 51328.606      28.00      4.07      9.44  2 
 51332.418      36.56      6.95      8.82  1 
 51336.331      33.68      3.53      9.04  2 
 51338.479      24.22      7.38      8.83  1 
 51364.646      26.02      3.99      9.07  2 
 51367.658      21.73      6.12      9.22  1 
 51370.573      29.59      3.47      9.78  2 
 51374.517      42.26      6.50      8.78  1 
 51377.497      32.23      4.25      9.39  2 
 51381.822      35.61      6.79      9.49  1 
 51385.949      19.19      3.27     10.52  2 
 51389.300      28.23      6.28      8.75  1 
 51392.146      24.57      3.29      8.93  2 
 51396.427      30.71      6.65      8.49  1 
 51399.611      22.85      3.91      8.56  2 
 51402.624      29.56      6.20      8.94  1 
 51405.606      31.34      3.47      9.03  2 
 51408.551      40.16      6.46      9.04  1 
 51411.732      27.42      3.41      9.21  2 
 51415.609      27.52      6.06      8.81  1 
 51420.520      30.98      3.45      9.10  2 
 51423.465      36.55      7.33      8.89  1 
 51427.311      20.67      3.16      9.28  2 
 51430.267      21.78      6.35      8.93  1 
 51433.170      27.76      3.46      9.29  2 
 51436.050      38.46      6.52      8.78  1 
 51441.157      26.22      3.39      8.55  2 
 51444.904      27.66      6.10      8.47  1 
 51448.418      22.07      3.29      8.88  2 
 51452.765      24.59      6.00      8.46  1 
 51455.680      21.93      3.26      9.25  2 
 51463.402      25.63      3.41      9.28  2 
 51466.348      33.43      6.19      8.68  1 
 51470.393      30.27      2.96      9.00  2 
 51472.272      32.23      6.51      8.56  1 
 51475.384      27.86      3.34      9.11  2 
 51478.130      42.74      6.35      8.56  1 
 51481.241      19.39      3.12      8.89  2 
 51484.187      34.27      6.38      8.72  1 
 51580.947      32.96      6.48      8.94  1 
 51584.856      22.24      3.25      9.04  2 
 51587.932      36.76      7.83      8.65  1 
 51591.840      23.21      3.26      8.81  2 
 51594.783      33.29      6.65      8.53  1 
 51598.824      30.54      2.95      8.88  2 
 51602.431      56.79      6.79      8.51  1 
 51605.477      48.17      3.76      8.63  2 
 51610.949      18.45      6.52      8.73  1 
 51615.061       5.39      2.85      8.54  2 
 51618.134      10.84      6.10      8.49  1 
 51623.108       1.60      2.71      8.73  2 
 51626.846      20.06      6.26      8.48  1 
 51629.890       0.14      3.17      8.71  2 
 51633.761      15.49      6.24      8.71  1 
 51636.804       4.29      2.73      9.12  2 
 51641.607       6.64      6.05      8.52  1 
 51645.579      -2.14      2.63      8.75  2 
 51649.482      10.41      6.26      8.82  0 
 51653.422       2.15      2.68      8.60  2 
 51656.298      15.57      6.13      8.13  1 
 51660.806       6.18      2.84      8.28  2 
 51664.146     -10.41      5.62      8.39  1 
 51667.856       1.84      2.68      8.23  2 
 51671.791       3.30      5.29      8.52  1 
 51674.834      -3.18      2.52      8.59  2 
 51677.707      -0.12      7.17      9.33  1 
 51683.740       1.19      4.29     10.14  2 
 51687.676       8.72     10.49     10.02  1 
 51690.717      -0.57      3.33      9.92  2 
 51694.454      17.66      8.80      9.38  1 
 51697.427       5.79      5.07      9.98  2 
 51702.294       4.67     11.65      9.79  1 
 51727.734       3.33      3.73      9.68  2 
 51731.671      -8.35      9.10      9.83  1 
 51739.577       1.98      9.28     10.01  1 
 51743.546       3.92      4.70      9.85  2 
 51747.283       7.58     10.26      9.52  1 
 51751.450       2.49      4.57      9.86  2 
 51755.319      18.49     10.46      9.67  1 
 51759.488      -2.84      3.42      9.71  2 
 51763.425       8.81     16.96      9.30  1 
 51767.531       6.57      4.50      8.61  2 
 51771.599      15.75      9.38      9.25  1 
 51775.702      -1.43      4.77      9.62  2 
 51779.570      13.18      9.68      9.87  1 
 51783.472       2.51      4.72      9.62  2 
 51787.340       3.97      9.14      9.25  1 
 51791.509       2.38      4.51     10.17  2 
 51803.145       6.95     10.33      9.38  1 
 51807.178       2.06      4.90     10.87  2 
 51811.976      13.62      9.41      9.15  1 
 51815.880       7.17      4.54      9.70  2 
 51819.749      12.38      9.82      9.40  1 
 51823.588      12.23      5.13      9.57  2 
 51827.588      14.83     16.94      9.66  1 
 51831.354       6.03      4.87      9.36  2 
 51835.354      24.21      9.41      9.46  1 
 51839.388      -0.11      4.47      9.87  2 
 51843.254       9.45      9.33      9.56  1 
 51847.220       1.82      4.47      9.98  2 
 51947.085       3.14      4.45      9.81  2 
 51949.951      16.99      7.96      9.27  1 
 51953.981       1.86      7.99     10.90  2 
 51956.848      30.21     11.03      9.61  1 
 51960.809       7.61      3.66      9.35  2 
 51963.643      14.87      8.35      9.30  1 
 51967.838       5.50      3.52      8.84  2 
 51971.470      17.13      9.23      8.99  1 
 51975.336       7.35      3.57      8.94  2 
 51977.950      42.13     13.23      8.55  1 
 51982.038       5.18      3.61      9.30  2 
 51986.098      20.55      8.22      9.21  1 
 51989.929       3.06      4.59      9.53  2 
 51993.922       9.99     10.27      9.85  1 
 51996.823       8.78      4.72      9.55  2 
 51999.888      13.71     10.98      9.65  1 
 52002.922      -0.65      4.46      9.59  2 
 52007.511      18.28      8.36      8.94  1 
 52011.736      12.47      4.93      8.92  2 
 52014.469      12.68     11.06      9.10  1 
 52017.436       5.67      3.57      8.76  2 
 52020.633       6.20     10.64      8.77  1 
 52024.931       1.89      4.48      9.52  2 
 52027.795      10.36     10.32      8.60  1 
 52031.097      -0.56      4.63      9.21  2 
 52035.021      13.00     10.97      9.42  1 
 52037.922       1.91      4.63      9.36  2 
 52040.986       2.09     10.51      9.14  1 
 52043.820       5.56      3.79      8.77  2 
 52047.878      13.27     10.18      9.37  1 
 52051.838       6.98      3.57      9.03  2 
 52055.697      16.62     11.66      9.45  1 
 52059.654      -0.12      4.52      9.54  2 
 52062.521      15.65     19.17     10.51  1 
 52065.552       1.85      4.90      9.39  2 
 52090.868       2.91      3.83      8.90  2 
 52093.915       2.73      3.67      8.88  2 
 52097.642      23.05      7.25      8.94  1 
 52101.665       4.35      4.72      9.10  2 
 52104.398      21.45      9.52      8.95  1 
 52107.561       4.94      4.45      9.75  2 
 52111.288       5.72     10.08      9.09  1 
 52115.376       6.14      4.98      9.54  2 
 52119.301      13.50     10.57      9.15  1 
 52122.397       4.70      4.75      9.31  2 
 52125.130      14.87      9.60      9.05  1 
 52129.555       8.24      4.75      8.49  2 
 52132.553      14.89      9.63      8.20  1 
 52135.587       2.80      4.65      8.79  2 
 52139.643       5.59      9.38      8.99  1 
 52143.602       7.67      4.86      8.84  2 
 52146.599      20.96      7.10      8.90  1 
 52150.621       4.80      4.50      9.33  2 
 52153.553      10.74      9.29      9.16  1 
 52156.318      -2.49      4.31      8.88  2 
 52160.175       8.16      6.87      8.64  1 
 52163.336       3.56      3.52      9.29  2 
 52167.060       8.73      7.58      8.78  1 
 52170.090       1.25      4.38      8.70  2 
 52173.882      -7.68      9.00      8.89  1 
 52177.904       4.03      4.48      9.03  2 
 52182.294      10.98      9.93      8.78  1 
 52184.730       6.42      4.56      8.56  2 
 52189.448       7.64      9.46      8.89  1 
 52192.610       3.23      3.71      8.63  2 
 52195.406       8.59      9.27      9.05  1 
 52198.501       6.86      4.61      9.21  2 
 52202.224      14.44      9.43      9.00  1 
 52205.384      -1.64      4.24      8.99  2 
 52209.173       9.82      9.29      8.83  1 
 52212.332       3.65      4.39      9.31  2 
 52311.875      17.38      9.93      9.62  1 
 52315.030       7.19      4.60      9.55  2 
 52317.952      20.29     11.20      9.88  1 
 52322.691       4.66      4.64      9.39  2 
 52325.547      34.62     10.61      9.54  1 
 52328.767       7.91      4.95      9.71  2 
 52331.756      17.43     10.60      9.75  1 
 52335.968      -1.36      4.48     10.45  2 
 52339.948      -3.76      9.79      9.26  1 
 52343.172       0.02      4.52      9.82  2 
 52345.960       6.32     15.88     10.32  1 
 52351.031       7.74      4.56      9.93  2 
 52353.950       7.40      9.87      9.66  1 
 52357.963       7.16      3.43      9.09  2 
 52360.883      12.10     10.06      9.53  1 
 52363.904       8.00      4.38      9.65  2 
 52367.615      16.64      9.98      9.42  1 
 52384.362      -0.61      4.13      9.57  2 
 52387.284      20.89     10.24      8.98  1 
 52390.372       5.44      4.59      9.63  2 
 52393.819      14.14     10.26      9.14  1 
 52398.095       3.37      5.01      9.74  2 
 52402.003      16.61      9.73      9.49  1 
 52405.022       4.93      4.68      9.42  2 
 52411.884       1.05      4.25      9.53  2 
 52414.802      21.43     10.29      9.18  1 
 52422.387      25.83      9.65      9.04  1 
 52426.591       2.33      4.71      9.54  2 
 52430.499       6.17     11.19      9.39  1 
 52455.882       6.47      3.85      8.90  2 
 52462.740       8.21      3.63      9.00  2 
 52465.659      16.09      7.13      9.13  1 
 52468.609       0.60      4.62      9.52  2 
 52472.516       9.60     10.11      9.30  1 
 52476.389       3.33      3.61      9.07  2 
 52479.307      22.91      8.11      8.87  1 
 52486.430      13.56      9.68      9.09  1 
 52490.106       4.84      4.51      9.30  2 
 52493.421      17.24      9.86      9.48  1 
 52496.639       7.30      4.53      9.62  2 
 52500.545      19.55      9.80      8.98  1 
 52504.683      -7.79      5.40      9.11  2 
 52507.666      17.00      9.35      9.22  1 
 52510.615       1.29      4.49      9.18  2 
 52513.401      11.71      7.26      8.89  1 
 52516.351      -1.58      3.32      8.70  2 
 52520.257      22.21      7.19      8.89  1 
 52524.392       4.29      4.60      9.39  2 
 52528.100      -1.78      9.41      9.28  1 
 52532.300       7.90      4.70      9.39  2 
 52535.877      25.62      9.74      8.90  1 
 52539.286       8.32      4.66      9.08  2 
 52542.798      13.25      9.22      9.23  1 
 52546.476       2.57      4.35      9.16  2 
 52549.392      16.96      9.22      9.00  1 
 52552.606       6.80      4.97      9.01  2 
 52556.510      19.94      9.57      9.03  1 
 52560.380       5.38      4.64      9.06  2 
 52575.136       2.20      3.42      8.74  2 
 52578.182       7.05      9.37      9.20  1 
 52677.796      24.48      8.16      8.72  1 
 52680.807       3.27      3.55      8.72  2 
 52683.586      11.99     10.28      9.06  1 
 52686.728       5.72      4.82      8.53  2 
 52689.771      15.10     10.65      9.24  1 
 52692.649       6.56      3.35      8.38  2 
 52695.364      18.35      9.17      8.62  1 
 52713.973       2.90      3.50      8.61  2 
 52716.883      27.06      8.98      9.13  1 
 52720.946       5.07      4.47      8.74  2 
 52723.856      22.06      8.28      9.25  1 
 52727.918      -0.78      4.37      9.64  2 
 52730.696      18.87     10.72      9.45  1 
 52734.560       6.12      3.54      8.66  2 
 52737.668      12.41      9.32      8.72  1 
 52741.662       5.15      4.70      9.15  2 
 52745.691      26.22      9.14      8.70  1 
 52747.848       1.58      3.39      9.04  2 
 52751.811      31.65      8.93      8.57  1 
 52755.219       0.91      3.66      8.98  2 
 52758.851      16.16      7.35      8.73  1 
 52761.992       6.55      3.61      8.52  2 
 52764.769      26.23      8.23      8.85  1 
 52772.595       8.05      7.79      8.76  1 
 52776.589      12.24      4.71      8.62  2 
 52779.695       9.31      9.43      9.11  1 
 52783.427       1.41      3.33      9.47  2 
 52786.468      14.59     10.17      8.96  1 
 52790.593       9.92      3.70      8.98  2 
 52793.503      23.83      7.95      8.90  1 
 52796.577       4.88      3.34      8.88  2 
 52823.671      10.32      3.43      8.80  2 
 52826.514       6.42      7.19      8.61  1 
 52829.522       4.60      3.43      8.84  2 
 52833.416      17.39      9.79      8.69  1 
 52836.422       8.04      3.67      8.61  2 
 52839.397      30.90     10.14      8.66  1 
 52843.324       5.93      3.64      8.80  2 
 52846.433      34.31      9.54      8.69  1 
 52849.640       1.53      3.24      8.18  2 
 52853.534      31.11      7.84      8.49  1 
 52857.728      -1.82      4.64      8.73  2 
 52861.819      20.17      7.98      8.73  1 
 52865.615       5.83      3.47      8.31  2 
 52868.524      21.34      7.44      8.66  1 
 52871.595       6.29      3.34      9.18  2 
 52874.374      11.29      6.53      8.72  1 
 52879.418       6.92      4.41      8.47  2 
 52883.377       8.82      9.26      8.96  1 
 52886.383      -0.25      3.34      9.40  2 
 52889.226      17.51      8.03      8.59  1 
 52892.297       3.02      4.59      8.57  2 
 52895.205      14.79      7.00      8.57  1 
 52898.870      12.22      4.57      8.69  2 
 52901.319      31.12      7.23      8.30  1 
 52905.513       5.47      3.48      8.81  2 
 52909.407      10.66      6.72      8.44  1 
 52912.677       2.10      3.64      8.43  2 
 52916.505       8.41      6.88      8.94  1 
 52919.577       1.78      4.48      8.56  2 
 52923.274       6.42      6.80      8.49  1 
 52927.264       6.39      3.55      8.50  2 
 52930.106      10.81      8.86      8.79  1 
 52934.163      11.31      7.44      8.42  2 
 52937.136       7.98      7.34      8.81  1 
 52941.191       6.28      3.40      8.74  2 
 52945.085       1.97      6.89      8.70  1 
 53042.672       7.67      3.50      8.85  2 
 53045.839       6.41      7.22      9.08  1 
 53049.962       7.31      3.50      8.59  2 
 53052.865      14.53      7.80      8.91  1 
 53056.532      18.76      4.09      8.87  2 
 53059.238       7.25      9.01      8.95  1 
 53063.295      -3.10      4.57      9.06  2 
 53066.987      12.09      7.03      8.79  1 
 53070.188       6.60      4.71      9.52  2 
 53074.077       3.93      6.95      9.05  1 
 53077.081       5.13      3.37      9.11  2 
 53079.985      20.61     10.40      9.61  1 
 53083.843       0.97      4.35      8.76  2 
 53087.731       1.47     10.58      9.31  1 
 53091.588       0.20      3.59      8.76  2 
 53095.542      20.19      7.96      8.76  1 
 53098.741       4.10      3.40      8.87  2 
 53102.303      10.09      6.93      8.84  1 
 53106.886       8.65      3.43      8.38  2 
 53110.840      20.55      7.42      8.54  1 
 53113.977      -0.56      3.33      9.18  2 
 53116.881      11.21      7.14      8.59  1 
 53120.082       8.73      4.74      8.62  2 
 53123.773      17.99      8.38      8.94  1 
 53127.760      12.51      4.51      8.88  2 
 53131.846      11.33      8.12      8.87  1 
 53134.586       6.57      3.57      9.08  2 
 53137.686      26.02      7.76      9.02  1 
 53140.558       2.25      3.62      8.95  2 
 53143.461       8.74      8.44      9.02  1 
 53147.448       7.28      4.93      8.74  2 
 53150.417      15.97     10.10      9.33  1 
 53154.618      19.80      7.86      8.65  1 
 53157.756       4.09      3.32      8.46  2 
 53189.520       7.81      3.58      9.05  2 
 53193.211      18.42      7.75      8.70  1 
 53197.261       4.15      4.78      8.94  2 
 53200.165      16.22      7.61      8.79  1 
 53204.549      10.11      3.67      8.77  2 
 53207.518      16.73      7.73      8.37  1 
 53214.543       4.25      9.35      9.30  1 
 53218.661       0.76      3.30      8.57  2 
 53222.615      13.52      7.39      9.18  1 
 53225.747       9.34      3.51      9.14  2 
 53229.569       9.16      9.97      9.15  1 
 53233.358      -2.54      3.27      8.59  2 
 53236.458       1.19      9.52      9.54  1 
 53239.460       6.84      7.59      9.05  2 
 53243.347      18.12      6.24      8.79  1 
 53247.331       5.81      3.50      8.97  2 
 53250.235      20.02      7.87      8.74  1 
 53254.352       3.97      4.58      9.20  2 
 53257.323      18.28      7.58      8.73  1 
 53260.524       4.55      3.55      8.78  2 
 53264.413       6.89      6.98      8.86  1 
 53267.547       5.95      3.47      8.35  2 
 53270.713      25.12     16.49      9.60  1 
 53274.435       1.49      3.43      9.17  2 
 53277.535      15.42      6.92      8.64  1 
 53281.322       4.33      3.27      8.79  2 
 53285.408       5.81      9.57      9.24  1 
 53289.129      -3.54      4.62      9.93  2 
 53292.163       5.54      7.50      8.81  1 
 53295.163       9.28      5.13      9.09  2 
 53298.132      18.35      9.97      9.02  1 
 53304.101      14.06      7.20      8.57  1 
 53307.759       5.79      3.36      8.98  2 
 53412.975      18.21      7.32      8.31  1 
 53417.093       7.54      4.55      8.47  2 
 53419.994      15.18      7.77      8.84  1 
 53423.126       6.77      3.62      8.78  2 
 53426.944      18.23      7.09      8.96  1 
 53430.927      -1.23      3.31      9.15  2 
 53433.827      16.95      7.09      9.00  1 
 53437.811       3.56      3.31      8.90  2 
 53445.677       1.10      4.71      8.44  2 
 53448.512      15.74      9.15      8.74  1 
 53452.756       5.41      3.44      9.49  2 
 53455.656      10.05      7.46      8.79  1 
 53459.445      -2.83      3.18      9.42  2 
 53462.805       2.86     16.93      9.48  1 
 53469.233       5.82      8.19      8.92  1 
 53472.037       4.78      3.57      8.93  2 
 53475.920      16.14      7.20      8.98  1 
 53479.838      10.97      3.54      8.54  2 
 53482.934      17.64      7.76      8.91  1 
 53486.916       2.05      3.24      8.98  2 
 53489.751       8.90      9.82      8.97  1 
 53493.537       5.90      4.60      8.83  2 
 53497.420      15.20      7.85      8.99  1 
 53501.401       4.48      4.64      8.94  2 
 53505.566      -5.23     11.58     13.00  1 
 53508.350       8.29      3.40      8.90  2 
 53510.594      14.07     10.36     10.00  1 
 53514.122       2.81      3.35      9.13  2 
 53518.793      14.56      7.37      8.69  1 
 53521.939      18.67      7.76      8.97  1 
 53554.430       9.82      8.59      9.18  2 
 53558.379      16.47      9.88      8.77  1 
 53562.034      -1.17      4.39      9.50  2 
 53565.067       5.38      6.63      8.87  1 
 53569.707       9.77      4.71      8.39  2 
 53572.607       6.44      7.14      8.70  1 
 53575.868       6.46      5.13      8.68  2 
 53579.554       5.39      9.30      9.30  1 
 53582.552      -0.92      4.38      8.98  2 
 53585.583      11.31      9.07      9.19  1 
 53589.629      -1.61      3.14      8.78  2 
 53592.464      11.57     14.99      9.73  1 
 53598.296       4.45      7.73      8.95  1 
 53602.144       1.25      3.34      8.72  2 
 53605.176      12.77      9.77      9.47  1 
 53609.352       9.60      8.22     10.71  2 
 53613.369       8.89     10.00      9.01  1 
 53616.699       7.52      3.53      8.42  2 
 53620.450       9.05      7.35      8.65  1 
 53624.563       3.01      4.73      9.10  2 
 53627.659      12.74      7.23      9.04  1 
 53631.442      -6.28      4.13      8.69  2 
 53634.540      -4.34      6.64      9.16  1 
 53638.322       7.21      4.47      8.74  2 
 53642.139       6.20      6.61      8.69  1 
 53646.120       2.56      3.52      8.96  2 
 53649.150      12.40      7.38      8.81  1 
 53652.211       0.90      3.51      9.09  2 
 53659.289       1.18      4.50      9.12  2 
 53662.206      15.24     10.83      8.70  1 
 53666.435      -3.61      4.29      8.95  2 
 53670.514       2.42      9.93      9.03  1 
 53673.447       5.64      3.56      8.47  2 
 53775.131       7.42      3.55      8.58  2 
 53778.225       6.12      9.22      9.24  1 
 53781.092       1.16      3.38      9.02  2 
 53784.971      -2.77     10.02      9.50  1 
 53787.904      -2.93      7.27     10.54  2 
 53791.849       8.21      9.91      9.27  1 
 53794.846       6.37      4.61      9.17  2 
 53798.857      16.41     17.08     10.34  1 
 53801.854       5.49      4.59      9.11  2 
 53805.733       0.69     17.75     10.69  1 
 53809.779      34.34      9.94     10.15  2 
 53812.415       1.59     15.93      9.92  1 
 53816.922       7.05      7.39      9.95  2 
 53819.821      21.07     18.04     10.41  1 
 53822.953       9.20      4.77      9.59  2 
 53826.242      10.17     18.36     10.55  1 
 53829.961       0.81      7.88      8.72  2 
 53833.840      20.10      9.84      9.17  1 
 53836.903      10.18      7.34     10.21  2 
 53840.717      18.48      7.38      8.37  1 
 53844.892       7.01      3.43      8.83  2 
 53847.790       7.64      7.25      8.67  1 
 53851.508       6.45      4.62      8.46  2 
 53854.470       5.13      9.98      8.18  1 
 53858.645       6.91      4.75      8.10  2 
 53861.542      22.84      8.08      8.21  1 
 53864.409       2.84      4.36      8.52  2 
 53868.749      17.88     17.52      9.68  1 
 53875.761      11.34     10.08      8.41  1 
 53878.824       4.12      4.63      8.15  2 
 53881.918      26.06     10.67      8.77  1 
 53884.981       3.91      4.43      8.62  2 
 53887.878       0.09      9.42      8.48  1 
 53890.808      11.16      3.48      8.49  2 
 53893.558       8.43      4.80      8.57  2 
 53918.643       3.79      4.61      8.44  2 
 53923.690       6.15      4.79      8.57  2 
 53927.635      16.06     10.09      8.59  1 
 53930.697      12.58      5.05      8.06  2 
 53933.660       8.00      9.45      8.87  1 
 53937.572      16.10      5.14      8.41  2 
 53941.584      17.63      9.92      8.17  1 
 53945.561      -1.29      7.36      8.74  2 
 53949.507      16.08      9.96      8.62  1 
 53952.436       5.61      4.50      8.08  2 
 53958.395       4.12      4.52      8.68  2 
 53962.210       5.96      6.85      8.15  1 
 53965.402       4.23      4.36      8.73  2 
 53969.415      17.47     10.20      8.41  1 
 53972.546      -0.41      4.61      8.08  2 
 53975.509      17.59      9.93      8.42  1 
 53980.536       2.97      4.66      8.60  2 
 53983.631      17.87     10.23      8.78  1 
 53987.673       5.32      4.52      8.38  2 
 53991.422      22.57      9.88      8.85  1 
 53995.267       9.75      4.95      8.56  2 
 53998.363      27.11     10.18      8.78  1 
 54002.209       8.85      4.81      8.44  2 
 54005.106       7.13      9.78      8.65  1 
 54008.101      -3.11      4.39      8.33  2 
 54011.130       9.49     10.05      8.45  1 
 54015.828       9.76      4.73      8.31  2 
 54019.841       5.04      9.17      8.30  1 
 54026.327       2.82      9.31      8.53  1 
 54029.454      10.30      5.03      8.39  2 
 54032.286       0.49      9.76      8.41  1 
 54035.413       7.93      4.91      8.38  2 
 54038.375      32.45     10.40      8.45  1 
 54139.208      10.31     10.00      8.50  1 
 54142.203       1.57      4.39      8.62  2 
 54145.884      20.60     10.11      8.74  1 
 54149.011       5.86      4.66      8.61  2 
 54152.692      -1.53      9.75      8.60  1 
 54155.753      14.07      5.16      8.81  2 
 54162.625       0.72      4.42      8.51  2 
 54166.438      -6.07      9.07      8.32  1 
 54170.484      -4.06      3.99      8.43  2 
 54174.232       9.63     10.02      8.52  1 
 54178.081      -4.26      4.19      8.54  2 
 54180.912       9.77      9.96      8.51  1 
 54184.170      -3.53      4.50      8.45  2 
 54188.113      -8.08      9.21      9.08  1 
 54191.042       5.42      4.58      8.79  2 
 54194.723      12.81     10.02      9.04  1 
 54197.783      -2.18      4.27      8.60  2 
 54201.597      -9.54      9.54      8.68  1 
 54204.788      -2.92      4.16      9.04  2 
 54208.468       2.75     10.07      8.78  1 
 54212.445       5.14      4.67      8.97  2 
 54216.323      18.95     10.28      8.23  1 
 54219.712       5.56      4.70      8.89  2 
 54222.740      25.10     10.84      7.78  1 
 54225.936       8.69      5.00      8.54  2 
 54229.878      13.93     14.34      8.71  1 
 54233.006      17.63      5.36      8.40  2 
 54236.752      22.14     10.52      8.99  1 
 54240.795       8.90      4.87      8.71  2 
 54243.756       6.11     10.19      8.35  1 
 54247.601       0.51      4.33      8.44  2 
 54251.609       4.41     10.04      8.59  1 
 54255.652       0.82      4.41      9.07  2 
 54283.737      -4.66      4.38      8.45  2 
 54289.578      17.55     10.00      8.36  1 
 54292.703       0.75      4.32      8.86  2 
 54296.451      28.89     10.20      8.65  1 
 54299.443       5.74      4.89      9.05  2 
 54302.341     -11.61      8.85      8.30  1 
 54305.334       5.13      4.82      8.61  2 
 54308.230      -1.74      9.48      8.49  1 
 54312.140       0.47      4.32      8.30  2 
 54316.083      -3.57      9.23      8.29  1 
 54319.405       2.95      4.53      8.24  2 
 54322.501       7.85     10.02      7.89  1 
 54325.563       0.03      4.31      7.75  2 
 54329.506      23.11     10.17      8.08  1 
 54333.549      17.43      7.81      8.51  2 
 54336.510      15.03      9.61      8.59  1 
 54340.683       5.11      7.59      9.04  2 
 54344.364      -3.26      9.22      8.93  1 
 54347.554       9.56      4.89      8.67  2 
 54352.348      33.71     10.33      8.78  1 
 54356.389       3.29      4.51      8.72  2 
 54359.285       8.37      9.84      8.46  1 
 54362.998       0.04      4.26      8.57  2 
 54366.221       8.57      9.93      8.46  1 
 54369.347       2.24      4.38      8.54  2 
 54372.244      30.79     10.45      8.42  1 
 54379.381      21.35     10.33      8.34  1 
 54383.490       4.73      4.82      8.57  2 
 54386.647      16.18     10.30      8.15  1 
 54390.558      -4.32      3.94      7.76  2 
 54393.306       0.83      4.56      8.63  2 
 54397.380      15.82      9.83      8.38  1 
 54401.110      -9.14      8.85      8.45  1 
 54404.300       4.27      4.44      8.25  2 
 54504.776       8.58      9.78      8.18  1 
 54508.752       8.77      4.80      8.53  2 
 54511.712       2.42      9.90      7.98  1 
 54518.450       2.02      9.53      8.19  1 
 54521.971       4.80      4.48      8.33  2 
 54525.324      14.76      9.67      8.18  1 
 54529.042       0.07      4.28      8.53  2 
 54532.918     -20.16      9.22      8.37  1 
 54536.306      -4.01      4.42      8.87  2 
 54540.183       6.11      9.94      8.70  1 
 54543.111       7.72      4.75      8.24  2 
 54546.790      19.61     10.26      8.98  1 
 54550.765      -0.47      4.25      8.45  2 
 54553.791       4.17      9.40      8.49  1 
 54556.654       0.62      4.42      8.50  2 
 54560.530      22.09     10.66      8.43  1 
 54564.504       8.90      4.90      8.69  2 
 54568.642      -7.38      9.56      8.18  1 
 54571.702      13.13      4.97      8.41  2 
 54575.318      13.90      9.87      8.48  1 
 54578.905      -5.26      3.90      8.44  2 
 54581.865      -0.08      9.81      8.64  1 
 54584.861       2.55      4.41      8.05  2 
 54588.802       3.32     10.12      8.83  1 
 54591.861      -8.29      7.77     18.25  2 
 54595.802      16.39     10.44      8.60  1 
 54598.796       3.70      4.50      8.57  2 
 54602.673      26.31     10.38      8.56  1 
 54606.517      -5.25      4.06      8.46  2 
 54609.608      31.43     11.06      9.03  1 
 54613.516       2.69      4.80      8.68  2 
 54616.541       3.17     10.08      8.53  1 
 54620.254       6.02      4.53      8.20  2 
 54623.330       1.94      4.48      8.54  2 
 54650.749      -5.83      4.00      8.50  2 
 54653.448      12.63      9.71      8.13  1 
 54656.442       5.14      4.52      8.20  2 
 54659.401      -2.74      9.58      8.41  1 
 54662.460       2.24      4.40      8.14  2 
 54665.289      27.59     10.70      8.82  1 
 54669.459      -3.37      4.22      8.72  2 
 54672.420       5.08      9.50      8.34  1 
 54676.594       7.86      4.65      7.79  2 
 54679.490      14.55     10.22      8.40  1 
 54682.682       6.65      5.05      8.14  2 
 54686.886      27.67     10.85      9.02  1 
 54691.581      -2.95      4.13      8.39  2 
 54694.672       7.74      9.56      8.43  1 
 54698.515       2.10      4.38      8.60  2 
 54701.541      16.14      9.87      9.06  1 
 54705.318       6.18      4.85      8.32  2 
 54708.344       8.40      9.79      8.58  1 
 54711.272      10.44      4.89      8.88  2 
 54715.213      11.08     10.33      8.91  1 
 54719.252       4.15      4.72      8.69  2 
 54723.194       0.26      9.29      8.55  1 
 54727.433       3.77      4.61      7.88  2 
 54730.394      11.50     10.19      7.89  1 
 54733.521       4.58      4.84      8.97  2 
 54737.397      32.36     10.63      8.53  1 
 54740.454      23.54     17.56      7.97  2 
 54743.613     -15.89      8.53      8.63  1 
 54747.325       0.44      4.55      8.24  2 
 54750.221      24.51     10.17      8.55  1 
 54753.213      11.19      5.02      8.42  2 
 54757.154      16.15     10.12      8.67  1 
 54761.128      -1.60      4.43      9.23  2 
 54765.003      13.20     10.10      8.66  1 
 54768.977      12.80      5.21      8.77  2 
 54870.791       6.20     10.12      8.83  1 
 54873.849       3.19      4.50      8.71  2 
 54876.876      23.53     10.51      8.57  1 
 54880.068      -3.86      4.31      8.28  2 
 54884.337       0.75      9.38      8.27  1 
 54890.291      26.26     10.80      8.86  1 
 54894.070       8.02      4.84      8.75  2 
 54896.112       2.77      9.70      8.77  1 
 54900.152       7.05      4.59      8.66  2 
 54905.728      -4.52      9.33      8.79  1 
 54908.916       0.19      4.28      8.63  2 
 54911.680       9.58     10.26      8.59  1 
 54914.738       4.08      4.73      8.63  2 
 54918.678      24.66     10.83      9.03  1 
 54922.717       4.44      4.68      8.94  2 
 54925.677      20.68     10.08      8.43  1 
 54929.850       0.53      4.33      8.55  2 
 54933.858      24.44     10.67      7.88  1 
 54936.983       3.76      4.78      8.45  2 
 54939.812      32.83     10.86      9.10  1 
 54942.936       7.36      4.78      8.77  2 
 54947.858      29.99     10.62      8.87  1 
 54951.765       1.64      4.51      8.41  2 
 54954.660       2.16      9.31      8.69  1 
 54958.633      -7.53      3.98      9.10  2 
 54961.724      17.12     10.49      9.07  1 
 54965.697       3.21      4.61      8.26  2 
 54968.590      15.97     10.66      8.90  1 
 54971.647       6.80      4.56      8.61  2 
 54975.524       6.64      9.66      8.33  1 
 54979.761       2.07      4.63      8.60  2 
 54982.656      24.33     11.05      8.09  1 
 54985.783       4.73      4.54      8.29  2 
 54989.838      -4.12      4.13      8.30  2 
 55014.561      -1.28      4.51      9.39  2 
 55017.454       6.04      9.98      8.70  1 
 55020.380      -6.19      4.41      9.90  2 
 55025.367       6.25      9.71      8.36  1 
 55028.627       7.48      4.84      7.79  2 
 55031.518     -12.20      9.60      8.14  1 
 55034.711       6.74      4.67      8.31  2 
 55038.586       6.60      9.77      8.58  1 
 55042.691      -5.10      4.20      8.66  2 
 55045.519       4.72      9.51      8.46  1 
 55048.577      -1.94      4.13      8.10  2 
 55052.583      10.78      9.54      8.73  1 
 55055.444       7.54      4.60      8.29  2 
 55058.403      22.66     10.33      8.79  1 
 55061.460      -1.54      4.26      8.57  2 
 55064.223      11.57     10.03      8.18  1 
 55067.411      17.37      5.16      8.78  2 
 55071.286      15.98     10.17      8.88  1 
 55074.343      -1.98      4.20      8.88  2 
 55078.284      22.31     10.11      8.13  1 
 55081.476      -1.56      4.33      8.57  2 
 55085.745      11.72     10.33      8.66  1 
 55088.674       4.18      4.75      8.22  2 
 55092.680      21.93     10.16      8.82  1 
 55106.218      14.72      9.50      8.45  1 
 55110.190      -5.56      4.11      9.42  2 
 55113.280       0.58      9.55      8.83  1 
 55116.272       6.04      4.66      8.73  2 
 55120.081       6.43     10.04      8.92  1 
 55124.184       7.00      4.80      8.64  2 
 55127.798       0.14      9.10      8.54  1 
 55134.210       4.88      9.85      8.42  1 
 55235.385      16.90     10.03      8.36  1 
 55238.447       3.15      4.67      8.77  2 
 55241.143      -3.83      9.31      8.74  1 
 55244.332       6.33      4.93      8.58  2 
 55249.186      12.61      9.85      8.69  1 
 55252.178      -4.04      4.07      8.47  2 
 55254.874       4.39      9.89      9.20  1 
 55257.865      -0.16      4.37      8.62  2 
 55261.739       9.73     10.05      8.99  1 
 55264.731      -8.26      3.82      8.83  2 
 55268.800       1.31      9.79      8.61  1 
 55271.791       9.06      4.89      8.90  2 
 55275.666      22.76     10.83      8.33  1 
 55279.768      16.16      5.06      8.30  2 
 55282.793      21.64     10.75      8.25  1 
 55286.378       1.06      4.57      9.06  2 
 55290.905       4.44      9.72      8.18  1 
 55293.963       7.20      4.72      8.22  2 
 55296.987      -0.06      9.63      8.73  1 
 55299.913       9.26      4.86      8.64  2 
 55306.907      -0.93      4.43      8.88  2 
 55310.584      10.59      9.81      8.35  1 
 55313.836       2.10      4.40      8.96  2 
 55317.449     -10.07      9.45      8.95  1 
 55320.439       3.06      4.52      8.59  2 
 55324.508      12.76     10.39      8.42  1 
 55327.629       2.64      4.56      8.30  2 
 55331.635      17.25     10.41      8.56  1 
 55335.806       0.17      4.34      8.26  2 
 55339.746       6.06      9.81      8.15  1 
 55342.804       6.25      4.79      8.44  2 
 55345.696      16.15     10.18      7.88  1 
 55348.883      -7.74      3.93      8.48  2 
 55354.636       2.94      4.44      8.56  2 
 55383.663       0.43      4.70      8.08  2 
 55387.601      12.09     10.07      7.78  1 
 55391.772       7.34      5.08      7.78  2 
 55395.644      16.97      9.99      8.28  1 
 55398.636       3.55      4.59      8.00  2 
 55402.769       6.89      9.42      8.49  1 
 55406.610       5.54      4.56      8.21  2 
 55408.588      18.60      9.77      8.41  1 
 55411.446       9.54      4.84      9.09  2 
 55415.450      11.46      9.83      8.52  1 
 55418.243      -0.38      4.48      8.36  2 
 55422.312      15.29     10.14      8.44  1 
 55425.366       7.31      4.52      7.98  2 
 55429.306      19.80     10.10      8.72  1 
 55432.563       3.83      4.63      7.54  2 
 55436.435       2.47     10.03      8.47  1 
 55439.950       8.72      4.77      8.95  2 
 55444.674      13.50      9.75      8.38  1 
 55447.534       2.23      4.53      8.43  2 
 55450.426       3.50      9.47      8.54  1 
 55453.612      10.53      4.81      8.38  2 
 55457.288       3.90      9.39      8.48  1 
 55460.277       5.35      4.47      8.54  2 
 55464.347       9.67      9.67      8.75  1 
 55468.315       4.84      4.49      8.37  2 
 55471.209      22.40     10.51      8.39  1 
 55478.136      15.98      9.86      7.86  1 
 55482.372       4.08      4.52      8.32  2 
 55485.262      20.24     10.54      8.34  1 
 55488.581       2.15      4.38      8.25  2 
 55491.671      26.27     10.39      8.54  1 
 55495.577      -0.06      4.61      8.86  2 
 55499.252       7.07      9.61      8.57  1 
 55600.088       1.51      9.82      8.46  1 
 55603.274      -4.97      4.24      8.43  2 
 55607.145      17.66     10.09      8.43  1 
 55611.113       3.00      4.40      9.42  2 
 55614.723       4.56      9.78      8.74  1 
 55618.756       6.57      4.73      8.04  2 
 55629.617      10.73      9.87      7.70  1 
 55633.915      -1.35      4.24      8.41  2 
 55636.871       5.46     10.22      8.50  1 
 55640.385      -1.75      4.17      8.61  2 
 55643.930      -3.21      9.34      8.26  1 
 55647.115       8.02      4.86      8.56  2 
 55650.855      -6.67      9.00      8.19  1 
 55654.104      18.88      5.24      8.25  2 
 55657.778      18.41     10.04      8.31  1 
 55661.941      -4.48      3.90      8.78  2 
 55664.636      -5.52      9.17      8.51  1 
 55668.602       6.44      4.53      8.57  2 
 55671.688      16.39     10.33      8.66  1 
 55675.523       4.44      4.84      8.24  2 
 55678.610      29.34     10.79      8.03  1 
 55681.662       2.11      4.56      8.29  2 
 55685.273       0.62      9.09      8.38  1 
 55689.897       4.38      4.63      8.04  2 
 55692.787      11.70     10.12      7.74  1 
 55696.886       0.32      4.51      8.42  2 
 55700.755      26.34     10.67      8.31  1 
 55703.807       6.40      4.66      7.88  2 
 55706.893      13.81      9.97      8.38  1 
 55710.663       4.34      4.34      8.01  2 
 55713.748      12.59     10.04      8.26  1 
 55716.473      -5.53      4.11      8.18  2 
 55719.672      11.35      4.83      8.33  2 
 55744.751       0.09      4.46      7.91  2 
 55750.643      10.60      9.85      8.42  1 
 55754.609       7.19      4.56      7.68  2 
 55759.456      16.41      9.53      8.23  1 
 55762.638       6.66      4.58      7.99  2 
 55767.420       7.40      9.51      8.10  1 
 55769.492       0.46      4.35      8.34  2 
 55773.165      15.51      9.84      7.76  1 
 55780.214      32.01     10.48      8.33  1 
 55783.464      -3.97      4.25      7.84  2 
 55790.582       3.23      4.43      7.61  2 
 55797.570       1.30      4.21      7.59  2 
 55801.502      -5.55      8.94      8.11  1 
 55804.684       4.71      4.58      8.19  2 
 55808.422       0.96      9.39      8.21  1 
 55811.537       4.25      4.54      8.56  2 
 55818.389      19.08      5.25      8.52  2 
 55822.061      25.43     10.27      7.73  1 
 55825.306       0.52      4.33      8.26  2 
 55829.175       5.17      9.83      8.02  1 
 55832.292      13.17      4.98      8.12  2 
 55836.290      19.49     10.11      7.69  1 
 55839.408       1.88      4.42      7.73  2 
 55843.472      24.15     10.07      7.58  1 
 55846.719      -0.85      4.25      8.35  2 
 55850.389      20.70     10.00      8.19  1 
 55857.240      -2.00      9.30      7.84  1 
 55860.419       6.23      4.54      8.20  2 
 55864.154       1.62      9.13      8.59  1 
