# ; SOURCE: IGR J17375-3022
# ; SOURCE RA:       264.395     SOURCE DEC:      -30.3817
# ; CREATION DATE: Fri Nov  4 01:44:50 2011
# ; DATE(MJD) RATE ERROR BKG SCANTYPE EBAND
#Time (MJD)	Rate
51214.869	4.37
51217.800	11.96
51220.731	1.81
51224.796	12.41
51227.727	14.87
51231.617	8.68
51234.789	12.35
51238.417	9.08
51241.322	5.97
51245.284	13.94
51248.187	12.12
51252.148	13.48
51255.849	7.95
51259.941	-1.24
51262.778	12.46
51265.802	14.06
51269.772	7.63
51273.728	8.10
51276.566	3.34
51280.457	2.50
51283.494	8.37
51287.384	-2.16
51290.223	7.60
51294.252	18.38
51297.821	7.05
51300.982	4.36
51303.951	18.67
51308.909	0.44
51311.678	2.36
51313.838	6.94
51318.671	11.10
51322.562	4.37
51325.465	15.36
51328.556	13.05
51332.391	21.23
51336.282	8.32
51338.452	8.83
51343.612	10.93
51346.612	-4.03
51364.597	-7.06
51367.630	6.25
51370.524	-0.82
51374.489	8.11
51377.445	7.14
51381.786	4.63
51385.818	1.73
51389.271	7.15
51392.094	15.74
51396.399	6.18
51399.559	-6.80
51402.595	9.31
51405.554	5.24
51408.523	6.13
51411.680	6.10
51415.581	-0.32
51420.468	18.55
51423.438	9.24
51427.259	8.44
51430.229	-0.16
51433.118	-5.95
51436.021	10.03
51441.105	-1.92
51444.876	21.58
51448.352	3.74
51452.736	10.34
51455.628	-0.03
51463.352	4.61
51466.319	1.53
51470.340	8.08
51472.244	17.32
51475.332	3.37
51478.101	3.75
51481.189	7.83
51484.158	0.94
51580.920	4.17
51584.804	6.50
51587.905	-3.06
51591.788	3.72
51594.755	16.63
51598.772	3.67
51602.404	-0.81
51605.435	-1.23
51610.922	14.57
51615.011	7.73
51618.107	20.26
51623.057	11.81
51626.819	1.50
51629.838	1.89
51633.734	8.98
51636.753	-3.26
51641.580	1.16
51645.528	3.01
51649.423	2.19
51653.372	-10.00
51656.271	9.88
51660.754	7.11
51664.119	18.91
51667.805	-0.87
51671.764	6.94
51674.784	3.94
51677.680	9.25
51683.689	10.91
51687.648	-4.97
51690.666	17.43
51694.426	18.37
51697.378	2.10
51702.266	35.73
51727.687	15.16
51731.643	16.50
51739.549	7.00
51743.494	-1.05
51747.254	11.93
51751.399	3.69
51755.291	11.48
51759.422	17.40
51763.396	-6.05
51767.479	6.21
51771.571	6.95
51775.652	-2.81
51779.542	15.91
51783.422	19.99
51787.311	16.67
51791.456	-9.34
51803.117	11.80
51807.145	-15.05
51811.948	7.67
51815.828	0.23
51819.721	29.01
51823.536	12.14
51827.559	18.73
51831.304	22.51
51835.326	13.89
51839.335	22.51
51843.225	1.37
51847.168	7.06
51947.033	1.38
51949.924	8.32
51953.929	15.63
51956.821	7.99
51960.719	13.00
51963.584	4.10
51967.906	4.13
51971.410	3.61
51975.247	-1.75
51977.913	25.10
51981.988	1.90
51986.071	-2.44
51989.879	5.81
51993.895	7.41
51996.774	7.47
51999.861	11.63
52002.871	20.27
52007.484	18.36
52011.686	20.06
52014.442	6.08
52017.385	8.34
52020.606	0.64
52024.866	-10.79
52027.768	-1.59
52031.046	-1.82
52034.994	16.52
52037.873	1.13
52040.959	17.51
52043.771	15.23
52047.851	3.64
52051.788	5.43
52055.669	19.51
52059.606	-14.16
52062.493	12.65
52065.503	-5.11
52090.820	4.19
52093.868	-4.44
52097.613	22.21
52101.618	14.23
52104.370	5.48
52107.510	-18.44
52111.259	12.28
52115.325	2.72
52119.273	27.71
52122.346	1.26
52125.102	35.36
52129.504	6.83
52132.525	-11.29
52135.535	3.78
52139.615	7.68
52143.551	-2.98
52146.570	-3.55
52150.570	2.79
52153.524	-4.49
52156.266	11.11
52160.146	17.98
52163.284	0.18
52167.033	12.45
52170.038	-1.69
52173.853	9.22
52177.853	12.58
52182.264	6.32
52184.678	8.74
52189.419	5.22
52192.559	-5.18
52195.378	4.66
52198.449	6.61
52202.195	-0.02
52205.333	10.01
52209.144	-3.29
52212.281	-2.01
52311.848	8.11
52314.978	-0.67
52317.925	-5.61
52322.640	-4.06
52325.520	-3.67
52328.716	10.80
52331.729	3.38
52339.921	11.53
52343.121	1.52
52345.933	28.53
52350.981	6.80
52353.923	0.31
52357.912	-12.18
52360.855	12.05
52363.854	1.09
52367.588	14.46
52384.312	8.23
52387.256	13.96
52390.321	6.16
52393.792	28.42
52398.045	7.51
52401.976	6.54
52404.973	7.15
52411.834	9.87
52414.774	2.55
52422.359	0.04
52426.543	13.52
52430.471	7.42
52455.835	13.53
52462.693	14.71
52465.630	91.27
52468.561	-2.68
52472.488	-6.36
52476.341	6.92
52479.279	20.79
52483.066	15.66
52486.402	18.50
52490.055	10.84
52493.393	16.97
52496.587	8.47
52500.517	26.01
52504.633	7.93
52507.638	-12.52
52510.565	0.60
52513.373	-2.15
52516.301	13.09
52520.229	7.47
52524.341	-3.80
52528.071	-1.57
52532.249	3.78
52535.849	9.19
52539.235	3.18
52542.769	14.85
52546.424	-0.55
52549.363	4.84
52552.555	11.44
52556.481	-7.81
52560.330	-15.29
52575.084	0.12
52578.154	7.58
52677.769	14.67
52680.756	7.47
52683.559	15.97
52686.676	7.74
52689.744	5.68
52692.598	2.86
52695.337	17.42
52713.924	7.81
52716.856	1.23
52720.895	-3.81
52723.828	3.99
52727.866	25.16
52730.669	8.07
52734.509	14.12
52737.640	18.27
52741.611	-1.10
52745.664	1.40
52747.797	15.29
52751.784	10.74
52755.169	8.06
52758.823	7.97
52761.943	6.16
52764.742	11.18
52772.567	0.12
52776.540	10.27
52779.668	-10.04
52783.376	4.62
52786.440	-3.50
52790.543	4.63
52793.475	10.27
52796.529	8.92
52823.623	4.06
52826.486	7.97
52829.473	3.36
52833.387	-1.25
52836.372	13.57
52839.369	-2.63
52843.273	8.15
52846.405	-5.46
52849.590	-0.36
52853.505	15.02
52857.676	6.21
52861.791	1.74
52865.565	-2.76
52868.495	14.54
52871.546	18.61
52874.345	10.52
52879.366	1.21
52883.349	19.75
52886.332	2.65
52889.198	13.16
52892.246	15.23
52895.177	13.35
52898.819	-2.48
52901.291	16.11
52905.462	5.77
52909.379	13.16
52912.628	7.72
52916.477	7.70
52919.526	6.54
52923.245	13.26
52927.214	6.18
52930.078	9.57
52934.111	3.02
52937.108	3.28
52941.140	2.58
52945.057	-6.73
53042.620	2.00
53045.812	4.52
53049.910	12.25
53052.838	-0.98
53056.480	4.09
53059.210	7.09
53063.244	-1.39
53066.960	7.39
53070.139	-13.89
53074.050	26.42
53077.031	-2.23
53079.958	20.80
53083.792	7.07
53087.704	-6.56
53091.537	7.62
53095.514	-2.38
53098.691	10.07
53102.276	-7.33
53106.835	-4.40
53110.813	9.05
53113.929	-11.70
53116.854	12.58
53120.033	12.92
53123.746	14.65
53127.710	-1.23
53131.818	15.96
53134.536	15.64
53137.658	6.52
53140.507	3.25
53143.433	16.58
53147.397	11.75
53150.389	-8.50
53154.591	2.76
53157.706	-7.02
53189.471	15.48
53193.183	3.81
53197.213	9.29
53200.137	9.70
53204.497	-5.33
53207.489	18.54
53214.514	9.74
53218.611	9.00
53222.587	20.73
53225.697	10.95
53229.541	-3.41
53233.308	-2.05
53236.430	-3.40
53239.408	8.26
53243.319	8.68
53247.280	6.21
53250.207	-0.16
53254.287	-2.63
53257.294	11.63
53260.473	2.09
53264.384	12.81
53267.496	10.91
53270.684	-0.10
53274.385	-9.46
53277.506	3.42
53281.272	1.97
53285.378	-1.51
53289.078	-7.24
53292.135	3.18
53295.112	15.33
53298.103	5.30
53301.801	-9.65
53304.073	5.65
53307.708	-3.31
53412.948	-3.13
53417.043	10.98
53419.966	27.61
53423.076	-4.40
53426.916	14.06
53430.878	7.66
53433.800	0.71
53437.760	-10.20
53445.626	6.02
53448.485	9.78
53452.706	9.96
53455.629	-2.79
53459.394	5.51
53462.778	24.58
53469.205	2.18
53471.988	16.63
53475.893	9.37
53479.789	9.64
53482.907	5.70
53486.867	2.81
53489.724	9.13
53493.487	9.87
53497.392	1.87
53501.351	11.11
53508.299	6.24
53510.567	8.10
53514.072	12.43
53518.765	5.96
53521.912	25.97
53554.381	-2.52
53558.351	-0.11
53561.986	1.15
53565.039	-6.47
53569.658	-9.05
53572.579	8.08
53575.817	-0.41
53579.526	20.96
53582.502	11.26
53585.555	6.82
53589.578	13.51
53592.435	15.78
53598.267	11.93
53602.092	2.15
53605.147	-8.44
53609.301	-11.89
53613.340	10.96
53616.648	4.16
53620.421	12.39
53624.512	-8.13
53627.630	35.94
53631.392	7.08
53634.511	12.77
53638.271	7.55
53642.111	26.24
53646.068	-1.76
53652.160	0.91
53659.224	-3.80
53666.383	2.53
53670.486	3.45
53673.397	13.51
53775.081	5.93
53778.198	0.86
53781.042	-15.85
53784.944	-12.85
53787.854	-26.88
53791.822	12.72
53794.797	5.52
53798.830	-3.97
53801.803	-13.59
53805.707	3.43
53809.728	-0.33
53812.388	5.88
53816.872	2.14
53819.794	27.18
53822.903	-16.03
53826.215	-22.95
53829.911	-2.92
53833.813	-3.70
53836.853	-23.98
53840.690	-5.68
53844.842	2.00
53847.763	-13.98
53851.457	-7.63
53854.443	8.29
53858.593	3.37
53861.516	4.98
53864.358	-23.01
53868.722	1.14
53875.734	-14.17
53878.776	-3.58
53881.891	19.09
53884.931	1.63
53887.850	33.47
53890.760	11.96
53893.510	-5.74
53918.594	34.24
53923.641	6.82
53927.607	14.53
53930.648	-3.94
53933.632	20.34
53937.522	-8.73
53941.555	1.91
53945.511	24.84
53949.478	23.51
53952.385	-18.18
53958.343	6.41
53962.181	-2.52
53965.350	6.34
53969.387	6.99
53972.495	-1.04
53975.480	6.19
53980.487	-4.71
53983.602	9.60
53987.624	-6.11
53991.394	1.57
53995.217	-8.82
53998.334	-13.40
54002.158	10.81
54008.049	27.41
54011.101	-15.89
54015.776	4.94
54019.812	9.28
54022.789	17.90
54026.298	-8.28
54029.403	4.46
54032.258	-1.46
54035.362	-4.47
54038.347	4.38
54139.180	6.65
54142.153	-0.09
54145.857	-6.00
54148.961	5.17
54152.665	-3.69
54155.701	6.84
54162.574	27.35
54166.411	-10.34
54170.432	13.73
54174.205	3.23
54178.032	19.61
54180.885	11.84
54184.120	17.70
54188.085	11.41
54190.993	6.46
54194.696	5.69
54197.734	5.25
54201.569	-14.53
54204.737	3.06
54208.441	-19.44
54212.394	19.49
54216.296	20.75
54219.661	30.99
54222.713	-6.73
54225.885	-6.04
54229.851	-12.18
54232.957	20.40
54236.725	5.20
54240.746	16.21
54243.728	17.73
54247.551	3.10
54251.582	25.25
54255.602	-13.76
54283.690	-7.47
54289.550	10.48
54292.655	8.58
54296.422	34.68
54299.394	16.57
54302.312	6.74
54305.283	2.06
54308.202	-5.93
54312.088	-0.41
54316.055	9.36
54319.353	2.98
54322.473	23.43
54325.512	12.03
54329.478	14.66
54333.499	18.63
54336.483	12.92
54340.632	1.79
54344.336	0.82
54347.503	-4.39
54352.320	14.69
54356.337	23.23
54359.257	-8.57
54362.946	19.60
54366.193	1.03
54369.282	6.53
54372.216	-11.08
54379.353	11.65
54383.441	-24.29
54386.619	12.85
54390.508	8.06
54393.257	19.61
54397.352	12.10
54401.082	24.04
54404.250	-0.64
54504.749	-10.70
54508.700	3.88
54511.684	13.88
54518.423	5.22
54521.906	12.27
54525.296	-17.32
54528.991	2.69
54532.891	18.10
54536.256	35.62
54540.155	-3.09
54543.060	10.29
54546.763	-13.35
54550.715	25.62
54553.764	11.78
54556.603	15.50
54560.503	-6.83
54564.453	19.33
54568.615	25.31
54571.650	32.38
54575.290	18.97
54578.853	-0.37
54581.837	13.76
54584.811	-24.94
54588.775	28.81
54591.810	-3.09
54595.775	1.44
54598.747	-12.17
54602.645	-9.35
54606.466	19.24
54609.580	11.42
54613.465	7.21
54616.514	14.36
54620.204	4.33
54623.280	-2.23
54650.702	11.83
54653.421	-9.22
54656.393	1.05
54659.374	-10.24
54662.410	10.64
54665.261	-1.45
54669.394	-3.30
54672.392	13.57
54676.529	9.42
54679.462	20.33
54682.632	12.33
54686.858	-29.63
54691.531	20.48
54694.644	-21.67
54698.465	23.03
54705.268	-1.57
54708.316	33.04
54711.221	0.12
54715.185	-1.34
54719.200	-14.78
54723.166	69.93
54727.383	9.86
54730.366	4.89
54733.472	3.83
54737.369	-7.95
54740.408	22.43
54743.585	18.76
54747.276	2.74
54750.192	113.34
54753.162	39.99
54757.126	11.20
54761.077	-8.94
54764.976	6.31
54768.927	4.22
54870.764	-4.74
54873.798	5.00
54876.848	6.46
54880.017	5.59
54884.310	-0.47
54887.282	4.97
54890.264	27.04
54894.019	19.83
54896.085	14.59
54900.102	1.20
54905.701	1.90
54908.866	-2.24
54911.653	3.10
54914.686	-1.72
54918.651	3.10
54922.665	37.38
54925.649	13.74
54929.799	-14.61
54933.830	-7.95
54936.934	26.18
54939.785	-14.11
54942.887	-13.50
54947.830	40.61
54951.715	12.63
54954.632	-15.68
54958.582	25.71
54961.696	9.56
54965.644	2.42
54968.562	-3.84
54971.582	6.03
54975.496	16.56
54979.696	9.29
54982.628	17.75
54985.733	-10.72
54989.789	0.74
55014.512	-19.20
55017.426	-0.47
55020.332	-7.75
55025.339	17.83
55028.576	7.88
55031.490	15.95
55034.660	9.74
55038.558	-1.34
55042.641	82.28
55045.491	34.83
55048.527	-3.81
55052.555	-28.71
55055.394	-8.25
55058.376	-0.92
55061.410	19.50
55064.196	-2.78
55067.360	-3.14
55071.258	-2.76
55074.292	-1.29
55078.257	22.36
55081.424	-0.08
55085.717	-36.90
55088.624	16.00
55092.652	4.61
55106.189	2.67
55110.140	-2.76
55113.253	9.00
55116.222	24.55
55124.133	16.22
55127.770	-2.30
55134.183	-0.25
55235.358	-3.98
55238.395	-0.73
55241.115	27.31
55244.282	28.66
55249.158	23.84
55252.128	-2.33
55254.846	-2.35
55257.815	-4.37
55261.712	-3.75
55264.680	11.47
55268.773	-3.45
55271.740	-12.72
55275.637	-7.99
55279.717	6.54
55282.765	-12.25
55286.326	-23.61
55290.878	17.23
55293.914	24.28
55296.959	11.77
55299.863	3.61
55306.857	-8.94
55310.557	24.23
55313.786	-16.15
55317.421	10.38
55320.388	17.74
55324.480	33.82
55327.578	15.63
55331.607	30.56
55335.756	19.69
55339.718	-21.32
55342.755	15.70
55345.669	-14.86
55348.835	6.86
55354.587	5.95
55383.614	-9.69
55387.574	15.59
55391.723	13.45
55395.616	-20.22
55398.586	15.66
55402.741	14.43
55406.560	8.91
55408.560	6.60
55411.395	5.37
55415.422	6.58
55418.193	1.78
55422.285	-1.44
55425.315	-0.48
55429.278	20.08
55432.512	-5.37
55436.406	22.41
55439.899	-12.67
55444.646	7.53
55447.483	4.59
55450.398	-16.78
55453.561	29.70
55457.260	5.51
55460.227	-10.65
55464.319	13.01
55468.265	-4.61
55471.181	13.91
55478.108	-18.13
55482.321	10.21
55485.234	12.68
55488.532	3.69
55491.643	15.27
55495.528	13.73
55499.225	-10.16
55600.061	19.79
55603.223	22.71
55607.117	40.23
55611.080	22.53
55614.696	31.53
55618.705	16.99
55629.589	35.76
55633.863	7.08
55636.843	2.00
55640.334	-0.46
55643.903	13.47
55647.066	13.41
55650.827	1.46
55654.054	19.99
55657.751	16.95
55661.890	21.79
55664.608	19.00
55668.551	14.72
55671.661	21.76
55675.473	26.05
55678.582	-3.16
55681.611	4.93
55685.245	22.24
55689.847	12.15
55692.760	6.20
55696.837	20.77
55700.728	8.68
55703.744	2.59
55706.865	4.36
55710.613	16.14
55713.721	6.49
55716.425	10.62
55719.623	5.95
55744.703	-2.37
55750.616	-0.07
55754.561	-1.59
55759.429	27.61
55762.588	11.96
55767.393	19.98
55769.441	16.28
55773.137	27.60
55780.187	14.50
55783.413	18.97
55790.532	21.02
55797.519	-6.85
55801.475	-2.86
55804.634	8.33
55808.394	1.34
55811.487	1.82
55818.339	-11.09
55822.034	5.36
55825.256	-2.95
55829.147	8.78
55832.240	8.65
55836.262	0.50
55839.357	-2.22
55843.444	-21.64
55846.669	12.15
55850.362	5.45
55857.212	10.97
55860.369	16.40
55864.126	15.25
