; SOURCE: XTE J1728-295
; SOURCE RA:       262.157     SOURCE DEC:      -29.5200
; CREATION DATE: Fri Nov  4 01:45:12 2011
; DATE(MJD) RATE ERROR BKG SCANTYPE EBAND
 51214.860       6.14      2.68     11.63  1 
 51217.792       9.97      3.42     11.74  1 
 51220.723      10.23      3.50     11.90  1 
 51224.787       7.22      2.90     11.72  1 
 51227.719       4.90      2.82     12.19  1 
 51231.640       8.01      2.22     11.60  2 
 51234.781       9.32      2.69     11.52  1 
 51238.440       8.00      2.46     11.51  2 
 51241.314       5.61      3.35     11.47  1 
 51245.307       3.97      2.18     11.58  2 
 51248.179       9.13      3.03     11.36  1 
 51252.170       4.28      2.33     11.84  2 
 51255.841       2.08      3.21     11.94  1 
 51259.963       8.21      2.29     12.91  2 
 51262.769      11.48      2.83     12.20  1 
 51265.825       2.15      2.18     12.95  2 
 51269.764       7.85      3.13     12.44  1 
 51273.752       9.12      2.64     12.61  2 
 51276.558       2.57      2.59     12.39  1 
 51280.479       2.88      2.47     12.43  2 
 51283.485       4.38      3.44     12.10  1 
 51287.407       2.35      2.38     12.47  2 
 51290.215       6.53      3.04     12.08  1 
 51294.274       4.95      2.56     12.36  2 
 51297.813       5.04      3.55     11.92  1 
 51301.005       6.52      3.56     12.57  2 
 51303.943      11.59      3.61     12.77  1 
 51308.931       4.98      2.46     12.61  2 
 51311.669       8.88      3.20     12.51  1 
 51313.860       5.98      2.52     12.82  2 
 51318.663       8.33      3.64     12.45  1 
 51322.584       8.15      3.13     12.57  2 
 51325.457       0.54      4.11     12.24  1 
 51328.577       2.80      3.54     12.65  2 
 51332.382       4.94      3.54     12.03  1 
 51336.302       0.78      2.68     12.25  2 
 51338.444      10.93      4.24     12.04  1 
 51343.633       3.55      3.66     11.42  2 
 51346.633       1.40      3.48     11.71  2 
 51364.618      13.98      3.36     12.28  2 
 51367.622      10.61      3.76     12.43  1 
 51370.544       2.42      2.77     12.98  2 
 51374.481      10.68      3.72     11.99  1 
 51377.468       6.49      3.76     12.60  2 
 51381.755      11.48      3.84     12.70  1 
 51385.841      -0.88      2.86     13.73  2 
 51389.263      -0.15      3.25     11.96  1 
 51392.117       1.35      2.75     12.14  2 
 51396.390       7.83      3.65     11.70  1 
 51399.582       5.36      3.60     11.77  2 
 51402.587       3.70      3.54     12.15  1 
 51405.578      -0.77      2.69     12.23  2 
 51408.515       7.51      3.51     12.25  1 
 51411.703       3.74      2.79     12.42  2 
 51415.573       5.87      3.44     12.02  1 
 51420.492       5.03      2.87     12.31  2 
 51423.430      -5.77      3.26     12.10  1 
 51427.283       6.17      2.97     12.49  2 
 51430.221       8.98      3.57     12.14  1 
 51433.141       7.19      2.98     12.50  2 
 51436.013      20.40      3.82     11.98  1 
 51441.129       4.65      2.80     11.75  2 
 51444.867       1.82      3.47     11.68  1 
 51448.390       4.58      3.11     12.08  2 
 51452.728       7.61      3.49     11.67  1 
 51455.652       2.49      2.79     12.46  2 
 51463.375       8.14      2.89     12.49  2 
 51466.311      -0.36      3.32     11.89  1 
 51470.364       2.37      2.45     12.21  2 
 51472.236       5.68      3.51     11.77  1 
 51475.356       4.60      2.84     12.32  2 
 51478.093       4.64      3.57     11.76  1 
 51481.213      -1.90      2.72     12.10  2 
 51484.150       1.82      3.44     11.93  1 
 51580.912       0.21      3.34     12.14  1 
 51584.828       1.60      2.97     12.24  2 
 51587.897      11.61      4.43     11.85  1 
 51591.811       6.15      3.07     12.01  2 
 51594.747       7.35      3.34     11.73  1 
 51598.795       4.76      2.59     12.09  2 
 51602.396       2.00      3.32     11.72  1 
 51605.449       4.04      2.91     11.84  2 
 51610.914       6.00      3.58     11.93  1 
 51615.034       6.57      2.94     11.75  2 
 51618.099       5.50      3.35     11.70  1 
 51623.079       2.22      2.80     11.94  2 
 51626.811       3.43      3.36     11.68  1 
 51629.862       9.19      3.68     11.92  2 
 51633.726       1.56      3.33     11.92  1 
 51636.776       2.83      2.91     12.33  2 
 51641.572       4.75      3.37     11.72  1 
 51645.550       0.23      2.86     11.96  2 
 51649.415       4.35      3.31     12.03  0 
 51653.394       4.41      2.88     11.80  2 
 51656.262       8.38      3.47     11.34  1 
 51660.777       4.12      3.08     11.49  2 
 51664.110       7.78      3.48     11.60  1 
 51667.827      -0.70      2.76     11.44  2 
 51671.756      -1.85      2.75     11.73  1 
 51674.806       1.23      2.74     11.80  2 
 51677.672       2.60      4.26     12.54  1 
 51683.711      -0.01      4.77     13.35  2 
 51687.640       2.79      5.85     13.23  1 
 51690.688       4.92      3.98     13.12  2 
 51694.418      10.21      4.49     12.59  1 
 51697.399       6.24      5.52     13.19  2 
 51702.258       1.33      5.85     13.00  1 
 51727.708       2.93      3.27     12.88  2 
 51731.635       6.27      6.16     13.04  1 
 51739.540      -0.67      5.92     13.22  1 
 51743.517       0.13      5.22     13.06  2 
 51747.246       5.93      5.80     12.72  1 
 51751.422       3.81      5.59     13.06  2 
 51755.283      12.49      5.76     12.88  1 
 51759.460      -3.79      3.61     12.92  2 
 51763.388       4.65      5.78     12.51  1 
 51767.502       7.38      4.88     11.82  2 
 51771.562       1.49      5.67     12.46  1 
 51775.675       5.23      4.65     12.83  2 
 51779.534       0.14      5.69     13.07  1 
 51783.445       0.82      4.71     12.83  2 
 51787.303       8.83      5.96     12.45  1 
 51791.480       0.04      5.86     13.38  2 
 51803.108      11.57      5.73     12.59  1 
 51807.149       0.15      5.26     14.08  2 
 51811.940       1.10      5.55     12.35  1 
 51815.851      -3.71      4.47     12.91  2 
 51819.712       2.09      5.57     12.61  1 
 51823.559       5.76      4.66     12.78  2 
 51827.551       2.09      5.61     12.87  1 
 51831.327       0.61      4.68     12.56  2 
 51835.317       2.38      5.49     12.66  1 
 51839.359      -2.87      4.47     13.08  2 
 51843.217       6.77      6.18     12.77  1 
 51847.191      -0.60      5.04     13.19  2 
 51947.056       5.12      5.33     13.02  2 
 51949.916       7.79      4.50     12.48  1 
 51953.953       4.28      9.40     14.11  2 
 51956.812       6.05      5.49     12.82  1 
 51960.781       7.07      4.28     12.56  2 
 51963.576       4.46      4.20     12.50  1 
 51967.810       5.06      3.73     12.05  2 
 51971.402       1.69      4.23     12.20  1 
 51975.307      -0.49      3.69     12.15  2 
 51977.905      -0.32      4.29     11.76  1 
 51982.011       1.91      3.56     12.51  2 
 51986.063       3.70      4.14     12.41  1 
 51989.902       6.82      4.74     12.73  2 
 51993.887       3.39      5.63     13.05  1 
 51996.796       5.47      4.81     12.76  2 
 51999.853       5.43      5.96     12.86  1 
 52002.894       3.68      6.78     12.80  2 
 52007.476       6.62      4.22     12.15  1 
 52011.708       6.44      4.07     12.13  2 
 52014.434       8.76      5.68     12.31  1 
 52017.407       4.52      3.62     11.97  2 
 52020.598       4.06      5.51     11.98  1 
 52024.904      -1.85      4.86     12.73  2 
 52027.760      -0.63      5.56     11.81  1 
 52031.068       5.84      4.71     12.42  2 
 52034.986       0.49      5.43     12.63  1 
 52037.895       3.30      4.54     12.57  2 
 52040.951      -6.27      5.29     12.35  1 
 52043.793       6.85      3.59     11.97  2 
 52047.842      -0.42      5.78     12.58  1 
 52051.810      10.74      5.08     12.24  2 
 52055.661      -0.39      5.73     12.66  1 
 52059.627       0.94      5.12     12.75  2 
 52062.485       4.33     10.01     13.71  1 
 52065.523       7.10      5.42     12.60  2 
 52090.842      -4.15      3.09     12.11  2 
 52093.889       8.23      3.52     12.09  2 
 52097.605       3.15      4.54     12.14  1 
 52101.638       4.61      4.72     12.31  2 
 52104.362       5.27      5.86     12.16  1 
 52107.533      -0.91      4.90     12.96  2 
 52111.251       0.89      5.66     12.29  1 
 52115.348       7.32      5.34     12.75  2 
 52119.264      -0.34      5.50     12.36  1 
 52122.369       2.11      4.81     12.52  2 
 52125.094      -1.56      5.55     12.26  1 
 52129.526       4.31      4.98     11.70  2 
 52132.517       0.48      5.57     11.41  1 
 52135.558       4.19      4.60     12.00  2 
 52139.607       7.43      5.71     12.20  1 
 52143.574      -1.46      4.35     12.05  2 
 52146.562       7.24      4.39     12.10  1 
 52150.594       3.50      4.57     12.54  2 
 52153.515       9.34      6.01     12.37  1 
 52156.289       1.35      4.70     12.09  2 
 52160.138       2.91      4.36     11.85  1 
 52163.308       6.34      3.88     12.49  2 
 52167.024      -1.37      4.21     11.99  1 
 52170.061       4.98      3.48     11.90  2 
 52173.845      -2.74      5.47     12.10  1 
 52177.876      10.19      4.78     12.24  2 
 52182.256       3.77      5.61     11.99  1 
 52184.702      -1.57      4.57     11.77  2 
 52189.411       3.69      5.79     12.10  1 
 52192.583       3.85      3.30     11.84  2 
 52195.369       4.53      5.49     12.25  1 
 52198.472       1.50      4.56     12.42  2 
 52202.187       9.47      5.90     12.21  1 
 52205.356       5.40      4.70     12.20  2 
 52209.136       1.63      5.97     12.04  1 
 52212.304       5.89      6.33     12.52  2 
 52311.840       0.06      5.63     12.83  1 
 52315.001       4.43      5.20     12.76  2 
 52317.917      -3.53      5.50     13.09  1 
 52322.663       7.55      5.15     12.60  2 
 52325.512       2.78      5.53     12.75  1 
 52328.739       0.19      4.83     12.92  2 
 52331.721      -0.12      5.16     12.95  1 
 52335.941      -1.48      4.78     13.66  2 
 52339.912       1.58      5.55     12.47  1 
 52343.144       2.12      4.64     13.03  2 
 52345.925      -1.74      8.92     13.53  1 
 52351.002      -1.31      4.53     13.14  2 
 52353.915       2.83      5.38     12.87  1 
 52357.934       7.74      3.55     12.30  2 
 52360.847       5.45      5.63     12.73  1 
 52363.875      -0.27      4.82     12.86  2 
 52367.580       3.64      5.38     12.63  1 
 52384.334       7.42      4.68     12.78  2 
 52387.248       4.46      5.70     12.19  1 
 52390.343       8.73      4.93     12.84  2 
 52393.784       0.26      5.22     12.34  1 
 52398.067      10.05      4.74     12.95  2 
 52401.967       2.63      5.36     12.70  1 
 52404.995       0.24      4.67     12.63  2 
 52411.855       8.19      4.73     12.74  2 
 52414.766      11.51      6.18     12.39  1 
 52422.351       9.35      4.37     12.25  1 
 52426.563       4.72      5.33     12.75  2 
 52430.463       8.20      5.80     12.59  1 
 52455.856       6.50      3.32     12.11  2 
 52462.713       4.58      3.49     12.20  2 
 52465.622       7.82      4.67     12.34  1 
 52468.581       0.65      4.70     12.73  2 
 52472.480       7.92      5.93     12.50  1 
 52476.360      -0.64      3.87     12.28  2 
 52479.271       7.44      4.26     12.07  1 
 52483.085       5.12      4.69     12.68  2 
 52486.394       3.83      5.37     12.30  1 
 52490.077       5.65      4.68     12.51  2 
 52493.385       8.48      5.39     12.69  1 
 52496.610       2.44      4.58     12.83  2 
 52500.509       9.87      5.76     12.19  1 
 52504.656       5.65      4.60     12.32  2 
 52507.630       9.70      5.71     12.42  1 
 52510.588       8.27      4.61     12.39  2 
 52513.365       9.80      4.57     12.13  1 
 52516.324       2.91      3.35     11.90  2 
 52520.221       3.41      5.65     12.10  1 
 52524.363       5.06      5.37     12.60  2 
 52528.064       1.90      5.45     12.48  1 
 52532.271       9.04      5.10     12.59  2 
 52535.840       1.61      5.33     12.11  1 
 52539.258       8.17      4.53     12.29  2 
 52542.761       7.34      5.89     12.43  1 
 52546.447       7.56      4.54     12.37  2 
 52549.355       9.60      5.82     12.20  1 
 52552.578       5.79      4.63     12.21  2 
 52556.473       4.38      5.38     12.23  1 
 52560.353       8.92      4.56     12.27  2 
 52575.107       4.38      3.92     11.95  2 
 52578.146       7.52      4.47     12.41  1 
 52677.761       4.95      4.14     11.93  1 
 52680.779       9.16      4.03     11.93  2 
 52683.551       6.14      5.26     12.27  1 
 52686.699       1.71      5.10     11.74  2 
 52689.735       4.07      5.30     12.45  1 
 52692.621       5.72      3.64     11.59  2 
 52695.329       5.32      4.16     11.83  1 
 52713.946       3.43      3.52     11.82  2 
 52716.848       5.08      4.22     12.34  1 
 52720.918       1.88      4.64     11.95  2 
 52723.820      -0.71      4.27     12.46  1 
 52727.889      -0.29      5.67     12.85  2 
 52730.660       5.79      5.60     12.66  1 
 52734.531       0.33      3.62     11.87  2 
 52737.632       9.73      5.41     11.92  1 
 52741.634       6.36      4.70     12.35  2 
 52745.656       4.21      4.08     11.91  1 
 52747.820       3.52      3.54     12.25  2 
 52751.776       3.62      5.38     11.77  1 
 52755.190       2.20      3.68     12.19  2 
 52758.815       4.67      4.00     11.94  1 
 52761.965       2.89      3.48     11.73  2 
 52764.734       3.19      3.98     12.05  1 
 52772.559       2.42      4.15     11.97  1 
 52776.562       8.04      5.12     11.83  2 
 52779.660       3.70      5.97     12.32  1 
 52783.399       3.47      3.74     12.68  2 
 52786.432       4.25      4.21     12.17  1 
 52790.564       5.00      3.79     12.18  2 
 52793.467       3.52      4.26     12.10  1 
 52796.549       2.80      3.52     12.09  2 
 52823.643       4.15      3.29     12.01  2 
 52826.478       3.60      4.69     11.82  1 
 52829.493       4.19      3.56     12.05  2 
 52833.379       7.59      4.61     11.90  1 
 52836.394       6.70      3.90     11.82  2 
 52839.361       2.14      4.15     11.87  1 
 52843.295       5.51      3.54     12.01  2 
 52846.397       1.29      4.51     11.90  1 
 52849.613       7.06      3.55     11.39  2 
 52853.497       1.57      4.33     11.69  1 
 52857.699      17.92      5.12     11.94  2 
 52861.783      37.57      5.15     11.94  1 
 52865.587      33.88      4.21     11.52  2 
 52868.487      30.49      4.97     11.87  1 
 52871.568      26.62      3.93     12.39  2 
 52874.337      19.22      4.69     11.92  1 
 52879.389      16.87      3.96     11.68  2 
 52883.340      20.64      4.61     12.16  1 
 52886.354      16.17      4.30     12.61  2 
 52889.190       4.71      4.33     11.80  1 
 52892.268      22.03      5.21     11.78  2 
 52895.169      19.24      4.37     11.78  1 
 52898.841      16.20      4.98     11.90  2 
 52901.283      18.13      4.57     11.51  1 
 52905.485      22.36      4.00     12.02  2 
 52909.371      23.04      4.61     11.64  1 
 52912.650      48.22      4.35     11.63  2 
 52916.469      47.03      7.06     12.15  1 
 52919.549      44.49      5.82     11.77  2 
 52923.237      56.05      7.33     11.70  1 
 52927.237      65.09      4.97     11.70  2 
 52930.070      33.47      5.12     11.99  1 
 52934.134      42.64      5.96     11.62  2 
 52937.099      48.44      7.03     12.01  1 
 52941.163      44.99      4.75     11.94  2 
 52945.049      17.29      4.56     11.91  1 
 53042.643       7.35      3.63     12.06  2 
 53045.803       8.65      4.30     12.29  1 
 53049.933      -0.44      3.55     11.80  2 
 53052.830       7.31      5.51     12.12  1 
 53056.503       6.81      3.72     12.08  2 
 53059.202       6.81      4.25     12.16  1 
 53063.268       6.63      4.62     12.27  2 
 53066.951       6.12      4.00     12.00  1 
 53070.161       1.97      4.70     12.73  2 
 53074.042       5.39      4.19     12.26  1 
 53077.053       7.37      3.62     12.31  2 
 53079.949       9.81     10.28     12.82  1 
 53083.814      -0.80      4.74     11.97  2 
 53087.696       8.65      5.69     12.52  1 
 53091.559       4.34      3.56     11.97  2 
 53095.506      10.75      4.18     11.96  1 
 53098.713      -0.72      3.46     12.07  2 
 53102.267       0.43      4.06     12.05  1 
 53106.857       2.95      3.55     11.58  2 
 53110.805       4.44      4.21     11.75  1 
 53113.950       1.27      3.30     12.38  2 
 53116.846       6.21      4.14     11.80  1 
 53120.055      10.53      4.63     11.82  2 
 53123.737       2.99      5.45     12.15  1 
 53127.731      12.39      4.77     12.09  2 
 53131.810       6.51      4.38     12.08  1 
 53134.559       5.73      3.72     12.29  2 
 53137.650       6.60      4.49     12.23  1 
 53140.529       7.68      3.96     12.16  2 
 53143.425       6.83      5.62     12.23  1 
 53147.419       4.75      4.91     11.95  2 
 53150.381       4.81      5.63     12.54  1 
 53154.583       9.64      4.31     11.86  1 
 53157.727       5.15      3.66     11.67  2 
 53189.492       2.41      3.46     12.25  2 
 53193.174      -0.68      5.89     11.91  1 
 53197.233       9.91      4.75     12.15  2 
 53200.129       3.27      4.28     12.00  1 
 53204.520      10.50      3.66     11.98  2 
 53207.481       5.18      4.45     11.58  1 
 53214.506       6.89      5.72     12.51  1 
 53218.634       3.10      3.35     11.78  2 
 53222.578       1.68      4.16     12.39  1 
 53225.720       4.74      3.36     12.35  2 
 53229.533      -0.71      4.32     12.36  1 
 53233.330      -2.15      3.30     11.80  2 
 53236.422      10.60      6.22     12.75  1 
 53239.431      14.76      8.41     12.26  2 
 53243.310       8.82      4.48     12.00  1 
 53247.303       4.35      3.65     12.18  2 
 53250.199       3.88      4.14     11.94  1 
 53254.324       6.13      3.60     12.41  2 
 53257.286       4.56      5.53     11.93  1 
 53260.496       8.85      3.78     11.98  2 
 53264.376      -3.26      5.24     12.07  1 
 53267.520       2.78      3.25     11.56  2 
 53270.676      -1.00      5.60     12.81  1 
 53274.408       1.22      3.30     12.38  2 
 53277.498       2.62      4.17     11.85  1 
 53281.295       6.30      3.44     11.99  2 
 53285.370       6.76      5.90     12.44  1 
 53289.101       6.47      4.94     13.14  2 
 53292.126       5.13      4.67     12.02  1 
 53295.135       5.02      5.23     12.30  2 
 53298.095       6.56      4.35     12.23  1 
 53301.824      12.60      3.67     11.83  2 
 53304.065       8.72      4.47     11.77  1 
 53307.731       7.69      3.52     12.18  2 
 53412.940      10.94      4.26     11.52  1 
 53417.066       0.18      4.67     11.68  2 
 53419.958       9.75      5.32     12.04  1 
 53423.099       1.29      3.39     11.99  2 
 53426.908       4.56      4.09     12.16  1 
 53430.900       1.53      3.38     12.35  2 
 53433.792       2.61      4.18     12.20  1 
 53437.783       5.06      3.65     12.11  2 
 53445.649      10.33      5.34     11.65  2 
 53448.476       0.05      4.08     11.95  1 
 53452.727       3.25      3.68     12.69  2 
 53455.621       4.04      4.07     11.99  1 
 53459.416       2.88      3.43     12.62  2 
 53462.769      14.78      9.67     12.69  1 
 53469.197       4.87      4.14     12.13  1 
 53472.010       8.02      3.55     12.14  2 
 53475.885       5.64      4.24     12.19  1 
 53479.811      -0.36      3.36     11.75  2 
 53482.898      12.96      5.85     12.12  1 
 53486.889       6.75      4.32     12.19  2 
 53489.715       0.93      5.68     12.18  1 
 53493.509       9.18      5.01     12.04  2 
 53497.384       6.06      4.39     12.20  1 
 53501.372       4.32      4.78     12.15  2 
 53508.321       6.90      3.57     12.10  2 
 53510.559      10.03      9.36     13.20  1 
 53514.093      -1.98      3.42     12.34  2 
 53518.757       6.56      4.15     11.90  1 
 53521.903       6.58      4.24     12.18  1 
 53554.401       4.07      7.49     12.39  2 
 53558.342      -0.53      8.98     11.98  1 
 53562.006       6.40      4.62     12.70  2 
 53565.031       8.77      4.51     12.08  1 
 53569.680       6.05      4.42     11.60  2 
 53572.571       6.40      4.34     11.91  1 
 53575.840       4.00      4.28     11.89  2 
 53579.517       4.65      5.67     12.50  1 
 53582.524       8.33      4.43     12.19  2 
 53585.547       7.61      6.11     12.39  1 
 53589.601      -0.08      4.14     11.99  2 
 53592.427       7.67      6.43     12.94  1 
 53598.259       4.55      4.51     12.16  1 
 53602.115       0.03      3.30     11.93  2 
 53605.139       9.70      5.42     12.67  1 
 53609.324       6.14      7.40     13.91  2 
 53613.332       0.48      5.58     12.21  1 
 53616.671       8.79      3.69     11.63  2 
 53620.413      12.14      4.57     11.86  1 
 53624.536       1.20      4.32     12.31  2 
 53627.622      12.36      5.76     12.25  1 
 53631.415       5.04      4.53     11.90  2 
 53634.503       5.61      5.75     12.36  1 
 53638.295      10.77      3.71     11.95  2 
 53642.103      14.25      4.57     11.89  1 
 53646.091       6.59      3.70     12.17  2 
 53649.113       6.61      4.25     12.02  1 
 53652.183       4.67      3.95     12.30  2 
 53659.262       0.24      4.74     12.33  2 
 53666.406       0.62      4.67     12.15  2 
 53670.478       4.50      5.85     12.24  1 
 53673.420       3.88      3.30     11.67  2 
 53775.103       3.15      3.40     11.78  2 
 53778.190      -1.04      5.23     12.45  1 
 53781.065       2.08      3.47     12.23  2 
 53784.936      11.26      5.68     12.71  1 
 53787.876      10.77      8.23     13.75  2 
 53791.814       5.79      5.77     12.47  1 
 53794.819       6.43      4.99     12.38  2 
 53798.822       3.13      9.10     13.54  1 
 53801.826       8.26      5.37     12.31  2 
 53805.698      -1.18      8.45     13.90  1 
 53809.750      -5.53      8.07     13.36  2 
 53812.380      13.83      9.74     13.13  1 
 53816.894       0.88      7.82     13.16  2 
 53819.785       1.22      9.30     13.62  1 
 53822.924       6.27      4.81     12.80  2 
 53826.207       4.54      8.94     13.75  1 
 53829.934       5.69      4.62     11.93  2 
 53833.805       1.58      5.32     12.37  1 
 53836.876       1.46      7.79     13.42  2 
 53840.682       0.40      3.91     11.58  1 
 53844.865       4.28      3.51     12.04  2 
 53847.755       4.73      4.09     11.87  1 
 53851.479       5.96      5.00     11.67  2 
 53854.435       1.51      3.84     11.39  1 
 53858.616       4.97      4.84     11.31  2 
 53861.507       7.50      4.06     11.41  1 
 53864.380      -0.82      4.73     11.72  2 
 53868.714      12.08     10.10     12.89  1 
 53875.726     -11.09      5.06     11.61  1 
 53878.797       9.84      4.99     11.35  2 
 53881.883       8.05      5.82     11.98  1 
 53884.954       8.24      4.98     11.83  2 
 53887.842       8.82      5.94     11.69  1 
 53890.781       4.79      3.44     11.70  2 
 53893.531       6.17      5.02     11.78  2 
 53918.615       6.19      4.57     11.65  2 
 53923.662       8.68      4.65     11.77  2 
 53927.599       7.00      5.96     11.80  1 
 53930.670       0.06      4.25     11.27  2 
 53933.624       7.90      5.79     12.08  1 
 53937.545       5.68      4.51     11.61  2 
 53941.547       3.04      5.81     11.38  1 
 53945.533       7.08      7.96     11.95  2 
 53949.470       6.14      5.97     11.83  1 
 53952.408       8.23      4.78     11.28  2 
 53958.366       2.63      4.62     11.89  2 
 53962.173       1.66      5.63     11.35  1 
 53965.374       7.18      4.76     11.93  2 
 53969.379      11.52      6.01     11.62  1 
 53972.517      12.28      5.16     11.29  2 
 53975.472       6.11      5.83     11.63  1 
 53980.509       4.73      4.53     11.81  2 
 53983.594      10.04      5.91     11.99  1 
 53987.646       5.54      4.63     11.58  2 
 53991.386      -3.64      5.60     12.05  1 
 53995.240      12.58      5.00     11.77  2 
 53998.326       2.31      5.69     11.99  1 
 54002.180      -2.22      4.46     11.65  2 
 54008.072      13.83      5.03     11.54  2 
 54011.093      19.04      6.38     11.66  1 
 54015.799      13.79      4.95     11.52  2 
 54019.804       7.64      6.19     11.51  1 
 54022.812       7.41      4.94     11.78  2 
 54026.290       2.26      5.75     11.74  1 
 54029.427       5.30      4.64     11.60  2 
 54032.250       4.43      5.49     11.62  1 
 54035.386      -0.49      4.40     11.59  2 
 54038.339       4.83      5.72     11.66  1 
 54139.172      -3.69      5.17     11.71  1 
 54142.176       2.13      4.87     11.83  2 
 54145.849      -6.56      5.06     11.95  1 
 54148.983       8.36      5.04     11.82  2 
 54152.657       3.07      5.86     11.80  1 
 54155.724       3.96      5.10     12.02  2 
 54162.597       6.22      5.04     11.72  2 
 54166.403       6.10      5.71     11.53  1 
 54170.455       4.71      4.85     11.64  2 
 54174.196      12.76      6.00     11.72  1 
 54178.054      10.98      5.05     11.75  2 
 54180.876      -3.95      5.21     11.71  1 
 54184.143       0.97      4.68     11.66  2 
 54188.077      -3.14      5.11     12.28  1 
 54191.015      -1.64      4.78     12.00  2 
 54194.688       7.32      5.80     12.25  1 
 54197.756       3.05      3.39     11.81  2 
 54201.561      -7.51      5.16     11.88  1 
 54204.759       4.89      5.11     12.25  2 
 54208.433      -4.26      5.22     11.99  1 
 54212.416       0.14      4.75     12.17  2 
 54216.287      11.98      5.98     11.44  1 
 54219.684      -4.80      4.68     12.10  2 
 54222.705       4.10      5.54     10.99  1 
 54225.908       3.72      4.93     11.75  2 
 54229.843       8.09      5.85     11.92  1 
 54232.979       0.23      4.69     11.61  2 
 54236.717       2.67      5.44     12.19  1 
 54240.768      10.56      5.01     11.91  2 
 54243.720       5.82      5.80     11.56  1 
 54247.574      10.97      5.23     11.65  2 
 54251.574       5.53      5.89     11.80  1 
 54255.623      -9.05      4.77     12.28  2 
 54283.711       5.09      4.27     11.66  2 
 54289.542       9.36      5.88     11.57  1 
 54292.676      -1.51      4.33     12.07  2 
 54296.414       3.28      5.59     11.86  1 
 54299.416       9.12      4.89     12.26  2 
 54302.304      10.96      5.94     11.50  1 
 54305.306       0.91      4.64     11.82  2 
 54308.194       2.28      5.58     11.69  1 
 54312.111      11.74      4.92     11.50  2 
 54316.047       9.14      5.81     11.49  1 
 54319.377      -0.69      4.32     11.45  2 
 54322.465       6.68      5.92     11.10  1 
 54325.534       1.84      4.75     10.96  2 
 54329.470       0.13      5.39     11.28  1 
 54333.522       3.41      7.43     11.72  2 
 54336.474       9.20      5.88     11.80  1 
 54340.655       4.44      7.43     12.24  2 
 54344.328      -0.83      5.43     12.14  1 
 54347.526       2.95      4.49     11.88  2 
 54352.312       3.34      5.90     11.99  1 
 54356.360       5.49      4.86     11.92  2 
 54359.249       2.43      5.62     11.67  1 
 54362.969       0.58      4.34     11.77  2 
 54366.185       5.64      5.64     11.66  1 
 54369.320       0.49      4.72     11.75  2 
 54372.208      -0.54      5.28     11.63  1 
 54379.345      12.42      6.14     11.55  1 
 54383.463      -4.00      4.25     11.78  2 
 54386.611       8.60      5.88     11.35  1 
 54390.531       8.08      4.68     10.97  2 
 54393.279      10.61      4.93     11.84  2 
 54397.344       4.38      5.89     11.59  1 
 54401.074      12.03      6.03     11.66  1 
 54404.272       3.83      4.81     11.46  2 
 54504.740      -3.85      5.23     11.39  1 
 54508.723      -5.90      4.41     11.74  2 
 54511.676      14.39      5.89     11.18  1 
 54518.415     -10.97      4.61     11.40  1 
 54521.944      -1.35      4.87     11.54  2 
 54525.287      10.75      6.09     11.39  1 
 54529.013       0.54      4.78     11.74  2 
 54532.883      10.56      6.04     11.58  1 
 54536.278       8.82      5.14     12.07  2 
 54540.147      -4.82      5.20     11.91  1 
 54543.084       7.80      4.74     11.44  2 
 54546.755       9.20      5.95     12.19  1 
 54550.738       6.38      4.86     11.65  2 
 54553.756      -6.31      5.17     11.69  1 
 54560.495      10.19      6.06     11.64  1 
 54564.476       9.51      5.23     11.90  2 
 54568.607       6.37      5.68     11.39  1 
 54571.673       1.32      4.84     11.61  2 
 54575.282       9.11      6.27     11.68  1 
 54578.876       6.44      5.16     11.65  2 
 54581.829       6.99      5.94     11.85  1 
 54584.834      18.30      5.24     11.26  2 
 54588.767       8.52      5.85     12.04  1 
 54591.834     -15.51      7.82     21.46  2 
 54595.767      14.62      6.07     11.81  1 
 54598.769       7.37      5.07     11.78  2 
 54602.637       3.44      5.76     11.77  1 
 54606.488      -1.32      4.62     11.67  2 
 54609.572       7.82      6.03     12.24  1 
 54613.488      -2.59      4.82     11.89  2 
 54616.506       1.10      5.61     11.74  1 
 54620.226       2.43      4.72     11.40  2 
 54623.301      -1.23      4.42     11.74  2 
 54650.723      -2.33      4.05     11.71  2 
 54653.412      -1.70      5.58     11.34  1 
 54656.414      14.71      5.00     11.41  2 
 54659.365       6.94      5.95     11.62  1 
 54662.431      13.72      5.12     11.34  2 
 54665.253      -1.85      5.28     12.03  1 
 54669.432       2.39      4.56     11.93  2 
 54672.384       8.32      5.95     11.55  1 
 54676.567      -6.82      4.55     11.00  2 
 54679.453       0.13      5.62     11.60  1 
 54682.655       6.79      4.62     11.35  2 
 54686.850       3.80      5.79     12.23  1 
 54691.554       1.59      4.49     11.59  2 
 54694.635       6.61      5.90     11.64  1 
 54698.488       7.15      4.70     11.80  2 
 54701.504       0.60      5.74     12.27  1 
 54705.291      11.39      5.05     11.53  2 
 54708.308       1.49      5.54     11.79  1 
 54711.243      10.74      5.08     12.09  2 
 54715.176       8.27      5.65     12.11  1 
 54719.223       1.51      4.60     11.89  2 
 54723.158       9.39      5.91     11.76  1 
 54727.404      -7.81      4.29     11.08  2 
 54730.358       5.46      5.91     11.10  1 
 54733.494       3.38      4.43     12.17  2 
 54737.361       6.36      5.94     11.73  1 
 54740.429       5.91      4.57     11.17  2 
 54743.576       2.86      5.75     11.83  1 
 54747.298       3.47      4.42     11.45  2 
 54750.184      16.54      6.30     11.76  1 
 54753.186      -0.11      4.26     11.63  2 
 54757.118       6.38      5.93     11.88  1 
 54761.099       0.09      4.65     12.44  2 
 54764.967      -1.77      5.39     11.86  1 
 54768.949       3.16      4.72     11.98  2 
 54870.756       8.50      5.69     12.04  1 
 54873.821      -0.90      4.70     11.92  2 
 54876.840       4.31      5.46     11.78  1 
 54880.040     -10.48      4.42     11.49  2 
 54884.301       1.83      5.38     11.48  1 
 54887.305       3.76      4.90     11.92  2 
 54890.256       3.74      5.48     12.07  1 
 54894.043       8.80      5.03     11.96  2 
 54896.077       3.02      5.50     11.98  1 
 54900.125      -4.13      4.53     11.86  2 
 54905.692      -0.85      5.46     12.00  1 
 54908.889       9.87      5.27     11.84  2 
 54911.644       4.74      6.41     11.79  1 
 54914.709      12.17      5.42     11.84  2 
 54918.642       3.02      5.39     12.24  1 
 54922.688       2.72      4.79     12.15  2 
 54925.641       6.57      5.68     11.64  1 
 54929.822       1.17      5.01     11.76  2 
 54933.822      -0.27      5.63     11.09  1 
 54936.956      -1.54      4.39     11.66  2 
 54939.776       0.26      5.45     12.31  1 
 54942.909       0.07      4.73     11.98  2 
 54947.822       6.03      5.71     12.08  1 
 54951.738       1.97      4.67     11.62  2 
 54954.624       4.20      5.68     11.89  1 
 54958.606       2.45      4.90     12.31  2 
 54961.687       2.00      5.82     12.27  1 
 54965.668      16.04      5.38     11.47  2 
 54968.554       6.33      5.74     12.11  1 
 54971.620       6.96      5.13     11.82  2 
 54975.487      10.73      6.02     11.54  1 
 54979.734       9.35      5.36     11.80  2 
 54982.620       2.60      5.88     11.29  1 
 54985.755       6.98      5.32     11.50  2 
 54989.811       4.46      4.77     11.51  2 
 55014.533       0.69      4.43     12.60  2 
 55017.418      12.22      6.25     11.91  1 
 55020.352       2.93      4.61     13.10  2 
 55025.331       3.42      5.57     11.57  1 
 55028.598      -5.91      4.43     10.99  2 
 55031.482       7.61      5.90     11.35  1 
 55034.683       4.89      4.66     11.51  2 
 55038.550       5.41      5.72     11.79  1 
 55042.664      10.44      4.78     11.87  2 
 55045.483       5.92      5.71     11.67  1 
 55048.550      14.60      4.89     11.31  2 
 55052.547      12.93      6.15     11.94  1 
 55055.417      14.29      4.99     11.50  2 
 55058.367       9.28      6.23     11.99  1 
 55061.433      -5.84      4.37     11.77  2 
 55064.188      12.59      5.84     11.39  1 
 55067.383       9.49      5.06     11.99  2 
 55071.250       2.09      5.30     12.08  1 
 55074.315       6.86      4.85     12.09  2 
 55078.249       7.62      5.91     11.33  1 
 55081.447       7.65      5.03     11.77  2 
 55085.709       8.38      6.63     11.87  1 
 55088.647      15.48      5.05     11.43  2 
 55092.644      11.19      5.94     12.02  1 
 55106.181       3.69      5.86     11.65  1 
 55110.163      -2.90      4.28     12.63  2 
 55113.245       4.92      5.76     12.03  1 
 55116.244       9.60      5.03     11.94  2 
 55124.156       3.51      4.65     11.84  2 
 55127.762       6.43      5.89     11.75  1 
 55134.174      10.79      6.18     11.63  1 
 55235.349       5.42      5.61     11.57  1 
 55238.418       1.73      5.01     11.97  2 
 55241.107       2.89      5.72     11.94  1 
 55244.305       0.31      4.63     11.79  2 
 55249.150       1.38      5.26     11.89  1 
 55252.151      -0.41      4.67     11.68  2 
 55254.838      -0.60      5.59     12.40  1 
 55257.838       5.92      4.89     11.82  2 
 55261.703      -0.75      5.37     12.20  1 
 55264.703       6.34      5.17     12.04  2 
 55268.765       4.42      5.65     11.81  1 
 55271.763       7.59      5.16     12.11  2 
 55275.629       5.81      5.43     11.53  1 
 55279.740       2.82      4.79     11.51  2 
 55282.757       9.44      5.83     11.46  1 
 55286.349       7.95      5.22     12.27  2 
 55290.869      16.16      6.25     11.39  1 
 55293.936      -5.44      4.16     11.43  2 
 55296.951       6.15      5.66     11.94  1 
 55299.886       9.76      4.93     11.85  2 
 55306.880       5.91      4.96     12.08  2 
 55310.549       8.12      5.85     11.56  1 
 55313.809      -1.91      4.87     12.16  2 
 55317.412      -2.62      5.27     12.16  1 
 55320.411      -3.61      4.58     11.80  2 
 55324.472       3.50      5.39     11.63  1 
 55327.601       5.00      5.01     11.50  2 
 55331.599      -4.32      4.90     11.77  1 
 55335.778       3.50      4.96     11.47  2 
 55339.710      10.51      5.86     11.36  1 
 55342.776      -4.73      4.63     11.65  2 
 55345.661       1.08      5.58     11.09  1 
 55348.856       3.53      4.85     11.68  2 
 55354.609       4.37      4.92     11.76  2 
 55383.635       4.87      4.57     11.29  2 
 55387.565      -1.72      5.41     10.99  1 
 55391.745      -4.09      4.14     10.99  2 
 55395.608       9.64      5.77     11.49  1 
 55398.608      11.94      4.83     11.21  2 
 55402.733      -2.94      5.11     11.69  1 
 55406.583       6.05      4.68     11.42  2 
 55408.551      -0.05      5.72     11.62  1 
 55411.417       8.24      4.96     12.30  2 
 55415.414       7.98      5.97     11.72  1 
 55418.214       7.47      4.88     11.57  2 
 55422.276       8.65      5.90     11.65  1 
 55425.338      13.38      4.99     11.19  2 
 55429.270       1.72      5.44     11.92  1 
 55432.536       6.87      5.07     10.75  2 
 55436.398      65.02      8.00     11.67  1 
 55439.922      85.84      7.39     12.16  2 
 55444.637      42.11      6.95     11.58  1 
 55447.505      36.16      5.79     11.64  2 
 55450.390      36.49      6.82     11.74  1 
 55453.584      42.45      5.91     11.59  2 
 55457.252      31.02      6.70     11.69  1 
 55460.249      54.96      6.31     11.75  2 
 55464.311      37.80      7.15     11.96  1 
 55468.287      39.04      5.97     11.58  2 
 55471.173      50.67      7.55     11.60  1 
 55478.100      43.90      7.07     11.07  1 
 55482.344      33.74      5.95     11.53  2 
 55485.226      25.97      6.62     11.55  1 
 55488.553      24.86      5.38     11.46  2 
 55491.635      20.78      6.49     11.75  1 
 55495.548      31.98      5.65     12.07  2 
 55499.217      19.64      6.46     11.78  1 
 55600.053      10.99      5.69     11.66  1 
 55603.245       4.39      4.81     11.63  2 
 55607.109       0.39      5.37     11.63  1 
 55611.084      -4.08      4.59     12.63  2 
 55614.687       1.44      5.43     11.95  1 
 55618.727      -5.57      4.70     11.25  2 
 55629.581       7.47      5.76     10.91  1 
 55633.887       5.94      5.25     11.62  2 
 55636.835      -2.94      5.44     11.70  1 
 55640.356       7.12      4.97     11.82  2 
 55643.894      15.97      6.22     11.47  1 
 55647.087      11.46      5.09     11.77  2 
 55650.819       0.49      5.33     11.40  1 
 55654.076       4.10      4.75     11.46  2 
 55657.742       3.62      5.50     11.51  1 
 55661.913      12.68      5.21     11.99  2 
 55664.600      13.12      5.92     11.71  1 
 55668.573      17.31      5.55     11.78  2 
 55671.653       0.75      5.46     11.87  1 
 55675.495       8.07      5.05     11.45  2 
 55678.574       4.88      5.47     11.23  1 
 55681.634       9.35      5.00     11.50  2 
 55685.237      -7.38      5.08     11.59  1 
 55689.868      -5.82      4.53     11.24  2 
 55692.751      -6.36      5.32     10.95  1 
 55696.858      10.16      5.07     11.63  2 
 55700.719      14.13      6.04     11.52  1 
 55703.780       4.81      5.01     11.09  2 
 55706.857      21.51      6.55     11.59  1 
 55710.634       2.73      4.76     11.22  2 
 55713.713      -2.40      5.63     11.47  1 
 55716.445       1.22      4.76     11.38  2 
 55719.644       3.27      5.07     11.54  2 
 55744.723       4.30      4.29     11.12  2 
 55750.608      -0.15      5.72     11.63  1 
 55754.581       1.47      4.29     10.89  2 
 55759.421       5.93      5.85     11.44  1 
 55762.610       9.56      4.92     11.20  2 
 55767.385      -1.76      5.42     11.30  1 
 55769.463      -7.84      4.24     11.55  2 
 55773.129       1.53      5.57     10.96  1 
 55780.178       8.82      5.73     11.54  1 
 55783.435       2.40      4.52     11.04  2 
 55790.553       8.44      4.87     10.81  2 
 55797.541       5.60      4.64     10.79  2 
 55801.467       5.70      5.70     11.32  1 
 55804.656       9.06      4.84     11.40  2 
 55808.385       7.70      5.96     11.42  1 
 55811.509      -4.79      4.09     11.77  2 
 55818.360       1.02      4.42     11.73  2 
 55822.026       2.42      5.48     10.94  1 
 55825.278       3.54      4.76     11.47  2 
 55829.139      13.68      6.18     11.22  1 
 55832.263      13.03      4.98     11.33  2 
 55836.254       0.77      5.34     10.89  1 
 55839.379       0.61      4.53     10.94  2 
 55843.436       4.79      5.59     10.78  1 
 55846.690      10.67      4.82     11.56  2 
 55850.354       0.68      5.43     11.40  1 
 55857.204       1.34      5.52     11.04  1 
 55860.390      -2.85      4.28     11.41  2 
 55864.118      -4.09      5.62     11.79  1 
