Obsdate		flux	flux_ler	BKG	BAND

 51214.922	0.61	2.31	16.36	1 
 51217.853      -1.23      2.83     16.48  1 
 51220.784      -1.17      2.84     16.63  1 
 51224.849      -1.68      2.46     16.45  1 
 51227.780      -3.88      2.40     16.92  1 
 51231.661       0.39      2.73     16.34  2 
 51234.843      -5.87      2.19     16.25  1 
 51238.461       3.09      2.99     16.25  2 
 51241.375       2.89      2.93     16.21  1 
 51245.329       1.49      2.91     16.32  2 
 51248.240      -4.05      2.44     16.09  1 
 51252.192      -0.28      3.13     16.57  2 
 51255.902      -0.30      2.81     16.68  1 
 51259.985       2.56      2.87     17.65  2 
 51262.831      -2.74      2.57     16.94  1 
 51265.847       4.58      2.81     17.68  2 
 51269.825      -1.49      2.65     17.17  1 
 51273.773      -0.47      3.08     17.35  2 
 51276.620       3.52      2.42     17.13  1 
 51280.500       0.05      3.06     17.17  2 
 51283.547      -2.59      2.82     16.84  1 
 51287.429      -2.16      3.13     17.20  2 
 51290.276       3.40      2.63     16.82  1 
 51294.296       0.20      3.06     17.09  2 
 51297.874      -3.77      2.82     16.65  1 
 51301.027      -1.67      4.06     17.30  2 
 51304.004       2.73      2.99     17.51  1 
 51308.953      -2.11      3.40     17.34  2 
 51311.731      -1.03      2.58     17.25  1 
 51313.882       0.54      3.02     17.55  2 
 51318.725       3.91      2.95     17.19  1 
 51322.606      -1.40      3.40     17.31  2 
 51325.518       0.31      3.63     16.98  1 
 51328.599       2.07      4.23     17.38  2 
 51332.444      -0.22      2.96     16.77  1 
 51336.324      -1.53      3.49     16.98  2 
 51338.505      -4.59      3.27     16.77  1 
 51364.639      -0.43      4.07     17.02  2 
 51367.683      -0.09      2.83     17.17  1 
 51370.566      -6.58      3.19     17.72  2 
 51374.542      -0.25      2.93     16.73  1 
 51377.490       2.46      4.34     17.34  2 
 51381.883      -0.55      3.12     17.43  1 
 51385.925      -0.66      3.73     18.46  2 
 51389.325      23.61      3.30     16.69  1 
 51392.139      43.17      4.51     16.87  2 
 51396.452      19.78      3.45     16.43  1 
 51399.604       5.31      4.63     16.50  2 
 51402.648       3.07      2.90     16.89  1 
 51405.600      -1.42      3.56     16.97  2 
 51408.576      -4.95      2.74     16.98  1 
 51411.725      -1.04      3.65     17.16  2 
 51415.635       0.82      2.83     16.76  1 
 51420.513       5.78      3.82     17.04  2 
 51423.492      -4.51      2.81     16.83  1 
 51427.304      -0.31      3.64     17.22  2 
 51430.283      -0.38      2.91     16.87  1 
 51433.163       0.67      3.71     17.23  2 
 51436.075      -0.17      2.81     16.72  1 
 51441.150       2.61      3.72     16.49  2 
 51444.929       1.55      2.82     16.41  1 
 51448.411      -6.92      3.58     16.82  2 
 51452.789      -0.31      2.93     16.40  1 
 51455.673      -0.33      3.60     17.19  2 
 51463.397       6.22      3.82     17.22  2 
 51466.373       2.40      2.88     16.62  1 
 51470.386      -2.68      3.13     16.94  2 
 51472.297      -6.53      2.60     16.50  1 
 51475.377      -4.68      3.50     17.06  2 
 51478.155       0.08      2.85     16.50  1 
 51481.234       0.64      3.54     16.83  2 
 51484.212      -2.87      2.83     16.66  1 
 51580.973       2.73      3.04     16.88  1 
 51584.850       5.63      3.63     16.98  2 
 51587.957      -1.73      3.54     16.59  1 
 51591.833       4.20      3.54     16.75  2 
 51594.808       3.46      3.01     16.47  1 
 51598.817      -2.24      2.99     16.82  2 
 51602.457      -5.44      2.75     16.45  1 
 51605.470       0.48      3.46     16.57  2 
 51610.975       2.06      3.06     16.67  1 
 51615.055      -1.33      3.38     16.48  2 
 51618.160       4.52      2.99     16.43  1 
 51623.101      -1.87      3.46     16.68  2 
 51626.872      -3.14      2.80     16.42  1 
 51629.884      -0.36      4.24     16.66  2 
 51633.787      -4.18      2.82     16.66  1 
 51636.797      -1.68      3.39     17.06  2 
 51641.633       3.15      3.03     16.46  1 
 51645.572      -6.23      3.31     16.69  2 
 51649.542      -3.15      2.86     16.76  0 
 51653.416       1.05      3.51     16.54  2 
 51656.324      -1.34      2.85     16.07  1 
 51660.799       0.59      3.49     16.22  2 
 51664.172      -3.25      2.93     16.34  1 
 51667.849       3.48      3.48     16.17  2 
 51671.818      -1.02      2.61     16.46  1 
 51674.828       4.91      3.50     16.53  2 
 51677.733       3.29      3.66     17.28  1 
 51683.733       2.02      5.74     18.08  2 
 51687.702      -9.28      4.85     17.97  1 
 51690.710      -1.15      4.35     17.86  2 
 51694.479       4.87      4.11     17.33  1 
 51697.421       0.86      5.75     17.92  2 
 51702.320      -0.01      4.83     17.73  1 
 51727.729       1.49      4.45     17.62  2 
 51731.696      -3.19      4.39     17.77  1 
 51739.602      -2.16      5.09     17.95  1 
 51743.539      -1.89      5.65     17.79  2 
 51747.308       1.95      4.97     17.46  1 
 51751.443      11.66      6.08     17.80  2 
 51755.344      -2.77      4.49     17.61  1 
 51759.481       4.25      4.77     17.65  2 
 51763.450       2.80      7.88     17.24  1 
 51767.524      -1.67      6.04     16.55  2 
 51771.624       0.24      4.73     17.19  1 
 51775.697      -1.82      6.50     17.56  2 
 51779.596       4.79      4.69     17.81  1 
 51783.467      -2.35      6.09     17.57  2 
 51787.365       1.73      4.65     17.19  1 
 51791.502       1.82      6.18     18.11  2 
 51803.170      -3.51      4.63     17.32  1 
 51807.171       0.05      6.11     18.81  2 
 51812.001      -5.46      4.46     17.09  1 
 51815.873       2.63      6.15     17.64  2 
 51819.774      -1.01      4.98     17.34  1 
 51823.581      -3.57      5.79     17.52  2 
 51827.612       0.28      7.72     17.60  1 
 51831.349       2.76      6.25     17.30  2 
 51835.379      -4.56      4.51     17.40  1 
 51839.381      -1.84      5.96     17.82  2 
 51843.278      -2.70      4.77     17.50  1 
 51847.213      -3.87      5.78     17.92  2 
 51947.078      -2.11      5.51     17.76  2 
 51949.977       1.87      3.95     17.21  1 
 51953.975       6.22      9.34     18.84  2 
 51956.874      -6.53      5.17     17.55  1 
 51960.802      -0.39      4.37     17.29  2 
 51963.703      -0.99      3.88     17.24  1 
 51967.832      -2.61      4.36     16.78  2 
 51971.530       2.18      4.96     16.93  1 
 51975.329      -2.20      4.24     16.88  2 
 51978.034      -3.64      3.68     16.50  1 
 51982.033       4.77      4.44     17.24  2 
 51986.124      -5.00      3.59     17.15  1 
 51989.923       0.30      5.89     17.47  2 
 51993.948       2.95      4.74     17.79  1 
 51996.818       3.84      5.69     17.49  2 
 51999.914      -0.59      6.53     17.59  1 
 52002.916      -0.21      5.65     17.53  2 
 52007.537       1.71      3.95     16.88  1 
 52011.730      -4.05      5.49     16.87  2 
 52014.495      -2.41      4.71     17.04  1 
 52017.429       5.23      4.68     16.71  2 
 52020.659       3.51      4.83     16.72  1 
 52024.925      -2.01      5.78     17.46  2 
 52027.821      -1.04      4.81     16.54  1 
 52031.090       4.57      5.61     17.15  2 
 52035.047      -7.77      4.63     17.36  1 
 52037.917      -3.23      5.91     17.30  2 
 52041.012       5.12      4.97     17.09  1 
 52043.815       7.80      4.56     16.71  2 
 52047.904       3.91      5.26     17.31  1 
 52051.832       2.76      4.45     16.97  2 
 52055.723      -6.19      5.10     17.39  1 
 52059.649       6.00      5.68     17.48  2 
 52062.546      -6.30      9.08     18.45  1 
 52065.545       3.63      5.75     17.33  2 
 52090.863      -1.15      4.41     16.84  2 
 52093.910       1.65      4.38     16.82  2 
 52097.667       0.06      3.41     16.88  1 
 52101.660       0.15      5.69     17.04  2 
 52104.423      -1.37      4.92     16.89  1 
 52107.555       3.83      5.62     17.69  2 
 52111.312      -1.60      4.98     17.03  1 
 52115.370       2.72      5.87     17.48  2 
 52119.326      -4.23      4.68     17.09  1 
 52122.391       1.72      5.99     17.25  2 
 52125.155      -6.81      4.45     17.00  1 
 52129.548       3.16      6.07     16.43  2 
 52132.578       2.55      4.61     16.14  1 
 52135.580      -3.86      5.91     16.73  2 
 52139.669      -1.66      4.81     16.94  1 
 52143.596       1.95      6.52     16.79  2 
 52146.623      -5.43      3.34     16.84  1 
 52150.615      -0.41      6.11     17.27  2 
 52153.577      -1.92      5.13     17.11  1 
 52156.311      -0.74      5.84     16.82  2 
 52160.200      -4.28      3.51     16.58  1 
 52163.329      -3.80      4.49     17.23  2 
 52167.086      -4.37      3.50     16.72  1 
 52170.083       2.02      4.74     16.64  2 
 52173.907      -5.69      4.28     16.83  1 
 52177.898      -5.72      5.67     16.97  2 
 52182.318      -4.29      4.59     16.72  1 
 52184.723       0.33      5.68     16.50  2 
 52189.473     -10.29      4.13     16.83  1 
 52192.604       3.22      4.66     16.57  2 
 52195.431      -0.58      4.54     16.99  1 
 52198.494       0.39      6.25     17.15  2 
 52202.248      -6.38      4.35     16.95  1 
 52205.377      -2.68      5.82     16.93  2 
 52209.198      -5.17      4.63     16.78  1 
 52212.325      -3.06      5.69     17.25  2 
 52311.901      -3.49      4.93     17.57  1 
 52315.023      -1.66      5.53     17.49  2 
 52317.978      -1.52      5.20     17.82  1 
 52322.684       3.84      5.80     17.33  2 
 52325.573       2.27      4.80     17.48  1 
 52328.761       2.42      5.69     17.65  2 
 52331.782      -2.97      4.67     17.69  1 
 52335.961      -9.27      5.45     18.39  2 
 52339.974      -3.72      4.70     17.20  1 
 52343.166       7.13      5.71     17.76  2 
 52345.986      -0.82      7.39     18.26  1 
 52351.024      -3.35      5.82     17.87  2 
 52353.976      -3.19      4.61     17.60  1 
 52357.956      -4.72      4.25     17.03  2 
 52360.908       0.07      4.76     17.47  1 
 52363.897      -1.68      5.44     17.59  2 
 52367.641      -3.65      4.75     17.36  1 
 52384.355      -3.70      5.46     17.51  2 
 52387.309      -2.30      4.83     16.93  1 
 52390.365      -1.03      5.66     17.57  2 
 52393.845      28.11      5.60     17.08  1 
 52398.089       1.52      5.73     17.68  2 
 52402.029      -4.36      4.46     17.43  1 
 52405.016      -1.73      5.89     17.37  2 
 52411.877       0.62      5.60     17.47  2 
 52414.827      -0.05      5.27     17.13  1 
 52422.413      -3.22      4.78     16.98  1 
 52426.584      -8.59      5.11     17.49  2 
 52430.525      -0.44      4.80     17.33  1 
 52455.877       6.67      4.51     16.84  2 
 52462.734      -5.02      4.13     16.94  2 
 52465.684       0.34      3.76     17.07  1 
 52468.602      -0.20      5.49     17.46  2 
 52472.542      -3.68      4.95     17.24  1 
 52476.382      -0.15      4.37     17.02  2 
 52479.333      -5.76      3.47     16.81  1 
 52486.455       3.71      4.66     17.03  1 
 52490.099      -2.95      5.88     17.24  2 
 52493.446      -4.55      4.60     17.42  1 
 52496.632      -5.38      5.76     17.56  2 
 52500.571      -2.77      4.41     16.92  1 
 52504.677     -13.56      6.22     17.05  2 
 52507.692      -3.58      4.48     17.16  1 
 52510.610      -0.81      6.07     17.12  2 
 52513.426      -1.19      3.41     16.83  1 
 52516.345      -0.10      4.31     16.64  2 
 52520.283       2.45      3.64     16.84  1 
 52528.125      -4.93      4.56     17.22  1 
 52532.293       2.99      5.86     17.33  2 
 52535.902       5.96      4.49     16.85  1 
 52539.279       2.07      5.86     17.02  2 
 52542.823      -2.14      4.68     17.17  1 
 52546.469      -2.89      5.67     17.10  2 
 52549.417      -6.21      4.44     16.94  1 
 52552.600      -9.87      5.67     16.95  2 
 52556.535      -4.99      4.34     16.97  1 
 52560.375      -6.04      5.73     17.00  2 
 52575.129       0.13      4.36     16.68  2 
 52578.208      -0.27      4.89     17.14  1 
 52677.822       3.77      4.09     16.66  1 
 52680.800       5.47      4.32     16.66  2 
 52683.612      -5.05      4.76     17.00  1 
 52686.721      -0.54      5.79     16.47  2 
 52689.796       0.19      4.67     17.18  1 
 52692.643      -3.98      4.47     16.33  2 
 52695.391      -2.74      4.70     16.56  1 
 52713.968       2.70      4.39     16.55  2 
 52716.909      -5.33      4.47     17.07  1 
 52720.939       6.23      5.72     16.69  2 
 52723.881      -3.36      3.88     17.19  1 
 52727.911       1.40      5.51     17.59  2 
 52730.722      -2.28      4.95     17.40  1 
 52734.553      -5.53      4.13     16.60  2 
 52737.693      -1.25      3.76     16.66  1 
 52741.655       1.29      5.54     17.09  2 
 52745.717      -0.18      4.67     16.64  1 
 52747.841      -8.14      4.11     16.98  2 
 52751.837      -3.25      3.69     16.51  1 
 52755.212      -2.95      5.48     16.92  2 
 52758.876      -1.58      3.36     16.67  1 
 52761.986       1.68      4.55     16.47  2 
 52764.795      -0.52      3.58     16.79  1 
 52772.620      -4.22      3.69     16.70  1 
 52776.584       1.70      5.37     16.56  2 
 52779.721      -1.22      4.09     17.06  1 
 52783.421     -10.48      3.95     17.42  2 
 52786.493      -6.41      4.63     16.90  1 
 52790.586       2.46      4.22     16.92  2 
 52793.528       1.99      3.45     16.84  1 
 52796.571       1.69      4.11     16.82  2 
 52823.664       1.47      4.41     16.74  2 
 52826.539       4.90      3.64     16.56  1 
 52829.515       4.94      4.51     16.78  2 
 52833.441      -3.84      4.94     16.64  1 
 52836.416      -1.05      3.99     16.55  2 
 52839.423       0.51      4.62     16.60  1 
 52843.317      -1.48      4.36     16.74  2 
 52846.458      -5.81      4.34     16.64  1 
 52849.635       1.22      4.31     16.13  2 
 52853.559       0.54      3.49     16.43  1 
 52857.721      -0.69      5.84     16.68  2 
 52861.844      -3.46      3.31     16.67  1 
 52865.609      -5.64      4.62     16.25  2 
 52868.548      -1.50      3.38     16.60  1 
 52871.590      -4.56      4.46     17.12  2 
 52874.398      -0.09      3.46     16.66  1 
 52879.411       2.09      5.59     16.41  2 
 52883.402      -2.17      4.74     16.90  1 
 52886.376      -2.03      4.36     17.34  2 
 52889.251      -1.19      3.47     16.54  1 
 52892.290      -0.62      6.25     16.52  2 
 52895.230      -4.99      3.27     16.51  1 
 52898.863      15.74      5.91     16.63  2 
 52901.344       1.67      3.58     16.25  1 
 52905.506      -3.95      4.37     16.75  2 
 52909.433      -6.62      3.22     16.38  1 
 52912.672       5.67      4.61     16.37  2 
 52916.530       1.66      3.44     16.88  1 
 52919.571      -0.97      5.94     16.50  2 
 52923.298       0.93      3.35     16.43  1 
 52927.259      -3.82      4.23     16.44  2 
 52930.131      -1.97      4.59     16.73  1 
 52934.156       0.84      5.71     16.36  2 
 52937.161      -0.86      3.63     16.75  1 
 52941.184      -6.33      4.22     16.68  2 
 52945.110      -1.52      3.36     16.64  1 
 53042.665      -1.37      4.38     16.79  2 
 53045.864      -2.94      3.40     17.02  1 
 53049.955      -1.57      4.18     16.54  2 
 53052.891       0.67      3.53     16.85  1 
 53056.525      -0.13      4.24     16.81  2 
 53059.263       2.74      4.80     16.89  1 
 53063.289       3.52      5.89     17.00  2 
 53067.013       1.80      3.50     16.73  1 
 53070.183      -4.79      5.93     17.46  2 
 53074.103       1.21      3.59     16.99  1 
 53077.075       9.90      4.58     17.05  2 
 53080.010       2.47      5.41     17.55  1 
 53083.836       8.10      5.59     16.71  2 
 53087.757      -2.81      5.09     17.25  1 
 53091.581       1.91      4.37     16.70  2 
 53095.567       0.27      3.55     16.70  1 
 53098.734       1.74      4.20     16.81  2 
 53102.329      -3.52      3.39     16.78  1 
 53106.879       7.42      4.50     16.32  2 
 53110.866      -3.68      3.40     16.48  1 
 53113.972       4.83      4.37     17.12  2 
 53116.907      -3.09      3.40     16.53  1 
 53120.077       2.97      5.98     16.56  2 
 53123.799       1.71      3.71     16.88  1 
 53127.753       4.87      5.61     16.82  2 
 53131.871      -3.69      4.05     16.81  1 
 53134.580      -1.74      4.30     17.02  2 
 53137.711      -0.35      3.63     16.96  1 
 53140.551       4.95      4.23     16.89  2 
 53143.486       1.42      3.57     16.96  1 
 53147.441       2.64      5.71     16.68  2 
 53150.443       1.50      4.36     17.27  1 
 53154.644      -1.48      3.48     16.59  1 
 53157.749       0.52      4.11     16.40  2 
 53189.513       0.38      3.95     16.99  2 
 53193.236      -2.53      3.33     16.65  1 
 53197.255       5.08      5.59     16.88  2 
 53200.191       4.32      3.51     16.73  1 
 53204.542      -5.16      4.04     16.71  2 
 53207.543       2.18      3.62     16.32  1 
 53214.568      -7.55      4.30     17.24  1 
 53218.656      -2.28      4.51     16.51  2 
 53222.640      -0.39      3.49     17.12  1 
 53225.742       1.92      4.61     17.08  2 
 53229.594       5.50      4.73     17.09  1 
 53233.352      -2.78      4.29     16.53  2 
 53236.484      -5.72      4.77     17.48  1 
 53239.453      14.48      9.58     16.99  2 
 53243.372      -5.01      2.89     16.73  1 
 53247.324      -5.22      4.30     16.91  2 
 53250.260      -3.76      3.35     16.68  1 
 53254.345      -5.37      5.36     17.14  2 
 53257.348      -1.71      3.38     16.67  1 
 53260.518      -4.19      4.38     16.72  2 
 53264.437      -0.75      3.37     16.80  1 
 53267.541       4.01      4.48     16.30  2 
 53270.737      -0.48      7.79     17.54  1 
 53274.429      -2.25      4.37     17.12  2 
 53277.560      -3.71      3.37     16.58  1 
 53281.317       4.71      4.37     16.73  2 
 53285.432      -3.05      4.73     17.18  1 
 53289.122       3.89      5.89     17.87  2 
 53292.188       2.94      3.68     16.75  1 
 53295.157       0.69      5.57     17.03  2 
 53298.157      -2.26      4.46     16.96  1 
 53304.126       1.29      3.29     16.51  1 
 53307.752      -4.08      4.21     16.92  2 
 53413.001      -2.84      3.58     16.25  1 
 53417.088      -1.13      5.50     16.41  2 
 53420.020      -2.59      3.43     16.78  1 
 53423.120       0.72      4.53     16.72  2 
 53426.970      -0.01      3.52     16.90  1 
 53430.922      -0.55      4.18     17.09  2 
 53433.853      -4.35      3.47     16.94  1 
 53437.805       5.22      4.22     16.84  2 
 53445.671       8.20      5.86     16.38  2 
 53448.538       2.59      4.86     16.68  1 
 53452.749      -4.58      4.14     17.43  2 
 53455.682      -3.60      3.32     16.73  1 
 53459.438       2.30      4.23     17.36  2 
 53462.831      -3.10      7.63     17.42  1 
 53469.258      -6.69      3.51     16.86  1 
 53472.032       2.61      4.39     16.87  2 
 53475.946       2.79      3.47     16.93  1 
 53479.832       1.80      4.20     16.48  2 
 53482.960      -0.45      3.62     16.85  1 
 53486.911      -2.24      4.04     16.92  2 
 53489.777      -8.84      4.89     16.91  1 
 53493.530       3.73      5.42     16.77  2 
 53497.445      -0.25      3.42     16.93  1 
 53501.394      -2.31      5.73     16.88  2 
 53505.573      -2.85      4.45     20.94  1 
 53508.343      -4.51      4.20     16.84  2 
 53510.621      -8.69      4.46     17.94  1 
 53514.115      -0.94      4.11     17.07  2 
 53518.819      -1.29      3.48     16.63  1 
 53521.965      -0.63      3.48     16.92  1 
 53554.423      -3.00      9.03     17.12  2 
 53558.404      -1.64      4.45     16.72  1 
 53562.027      -1.16      5.23     17.44  2 
 53565.092      -8.62      3.37     16.82  1 
 53569.702       4.28      5.37     16.33  2 
 53572.633      -0.32      3.35     16.65  1 
 53575.862      -1.46      5.94     16.62  2 
 53579.579      -2.59      4.43     17.24  1 
 53582.546       4.01      5.90     16.92  2 
 53585.608       4.41      4.56     17.13  1 
 53589.623      -1.05      4.29     16.72  2 
 53592.489       4.34      8.59     17.67  1 
 53598.321      -1.12      3.61     16.90  1 
 53602.137      -1.02      4.50     16.66  2 
 53605.201      -0.74      4.37     17.41  1 
 53609.345     -10.66      9.67     18.65  2 
 53613.394      -5.67      4.49     16.95  1 
 53616.693      -6.89      4.31     16.36  2 
 53620.475      -0.40      3.46     16.60  1 
 53624.557       6.21      6.18     17.04  2 
 53627.684      -5.43      3.36     16.98  1 
 53631.437       5.13      5.77     16.63  2 
 53634.564      -4.46      3.39     17.10  1 
 53638.316       0.90      5.44     16.68  2 
 53642.164      -5.36      3.45     16.63  1 
 53646.113      -1.88      4.39     16.90  2 
 53649.175       2.35      3.57     16.75  1 
 53652.204       0.56      4.41     17.03  2 
 53659.282       3.77      5.88     17.06  2 
 53662.213       2.65      4.45     16.64  1 
 53666.428      -0.64      5.77     16.89  2 
 53670.540       2.61      4.58     16.97  1 
 53673.442      -4.70      4.33     16.41  2 
 53775.125      -3.71      4.16     16.52  2 
 53778.251      -4.27      4.55     17.18  1 
 53781.086       0.92      4.36     16.96  2 
 53784.997      -4.22      4.77     17.44  1 
 53787.898      -3.43      9.11     18.48  2 
 53791.875      -7.60      4.59     17.21  1 
 53794.841      -2.06      5.65     17.11  2 
 53798.883      -5.80      8.25     18.28  1 
 53801.848      10.55      5.80     17.05  2 
 53805.760      -5.17      8.18     18.63  1 
 53809.772       9.73      9.56     18.09  2 
 53812.441       4.56      8.17     17.86  1 
 53816.916      -0.79      9.30     17.89  2 
 53819.847       5.23      8.40     18.35  1 
 53822.946      -6.09      5.43     17.53  2 
 53826.268       0.85      8.02     18.49  1 
 53829.956      22.71     10.43     16.67  2 
 53833.866       9.09      4.98     17.11  1 
 53836.897      -1.30      9.01     18.16  2 
 53840.743      -0.89      3.77     16.31  1 
 53844.887       4.01      4.25     16.77  2 
 53847.816      -0.15      3.59     16.61  1 
 53851.501       6.69      5.95     16.40  2 
 53854.496      -8.09      4.40     16.12  1 
 53858.638       2.83      5.60     16.04  2 
 53861.569      -4.05      3.45     16.15  1 
 53864.402       8.03      6.08     16.46  2 
 53868.776      -1.11      7.79     17.62  1 
 53875.787      -5.83      4.49     16.35  1 
 53878.819       2.18      5.77     16.09  2 
 53881.944      -4.38      4.61     16.72  1 
 53884.975       3.79      5.87     16.56  2 
 53887.904      -5.27      4.46     16.42  1 
 53890.803       3.61      4.18     16.43  2 
 53893.553       0.32      5.49     16.51  2 
 53918.636      -5.46      5.41     16.39  2 
 53923.683       7.72      5.80     16.51  2 
 53927.660       0.07      4.69     16.53  1 
 53930.691      13.93      6.18     16.00  2 
 53933.685       2.76      4.94     16.81  1 
 53937.567      -1.76      5.84     16.35  2 
 53941.609       5.53      5.07     16.12  1 
 53945.555       8.59      9.72     16.68  2 
 53949.532      -1.32      4.79     16.56  1 
 53952.429       3.16      6.01     16.02  2 
 53958.388      -6.58      5.66     16.62  2 
 53962.235      -3.42      3.25     16.09  1 
 53965.396      -1.83      5.94     16.67  2 
 53969.440      -3.66      4.90     16.35  1 
 53972.539      11.54      6.45     16.02  2 
 53975.534       0.22      4.70     16.36  1 
 53980.531       1.30      6.03     16.55  2 
 53983.655       7.12      5.00     16.72  1 
 53987.668       3.16      6.31     16.32  2 
 53991.447      -8.56      4.54     16.79  1 
 53995.262      -5.58      5.76     16.50  2 
 53998.387      -0.72      4.80     16.72  1 
 54002.202     -13.00      5.54     16.38  2 
 54005.131       2.53      5.00     16.59  1 
 54008.094      -2.99      6.03     16.27  2 
 54011.155       0.50      4.72     16.39  1 
 54015.821       3.53      6.08     16.26  2 
 54019.866       4.89      5.01     16.24  1 
 54022.834      -6.61      5.67     16.51  2 
 54026.352       2.63      4.97     16.47  1 
 54029.449      14.03      7.44     16.33  2 
 54032.312      -1.73      4.55     16.36  1 
 54035.407       3.42      6.40     16.32  2 
 54038.401       3.73      5.00     16.39  1 
 54139.233       0.00      4.74     16.44  1 
 54142.198       2.40      5.77     16.56  2 
 54145.911      -1.18      4.83     16.68  1 
 54149.005       4.74      5.92     16.55  2 
 54152.718      -5.28      4.60     16.54  1 
 54155.746       1.96      5.83     16.75  2 
 54162.618      20.08      6.55     16.45  2 
 54166.464       3.52      4.92     16.26  1 
 54170.477       5.81      5.99     16.38  2 
 54174.258      -6.07      4.66     16.46  1 
 54178.076       6.83      5.80     16.48  2 
 54180.938      -2.60      4.69     16.45  1 
 54184.164       3.16      5.99     16.40  2 
 54188.138       2.06      4.97     17.02  1 
 54191.037      13.75      6.29     16.73  2 
 54194.749       0.91      4.88     16.98  1 
 54197.778       1.69      5.68     16.54  2 
 54201.622       2.89      5.16     16.62  1 
 54204.781      -1.56      5.50     16.98  2 
 54208.495      -1.85      4.77     16.72  1 
 54212.438      -1.77      5.86     16.91  2 
 54216.349      -3.02      4.66     16.18  1 
 54219.705       6.67      5.92     16.83  2 
 54222.766       2.44      5.06     15.72  1 
 54225.930       8.89      5.87     16.48  2 
 54229.905       4.93      7.74     16.65  1 
 54233.000       0.84      5.73     16.35  2 
 54236.778      -1.24      4.87     16.93  1 
 54240.789      -2.89      5.57     16.65  2 
 54243.782      -2.03      4.70     16.29  1 
 54247.595      -5.14      5.58     16.38  2 
 54251.635       3.15      5.05     16.53  1 
 54255.645       0.12      5.63     17.01  2 
 54283.732      12.63      6.06     16.39  2 
 54289.603       2.74      4.81     16.31  1 
 54292.698       9.32      5.91     16.80  2 
 54296.476      -2.48      4.77     16.60  1 
 54299.438       1.52      5.77     16.99  2 
 54302.366       2.45      5.04     16.24  1 
 54305.327      -3.64      5.80     16.56  2 
 54308.255       4.07      5.07     16.43  1 
 54312.133     -12.68      5.49     16.24  2 
 54316.108       6.71      5.39     16.23  1 
 54319.398       0.49      6.29     16.19  2 
 54322.526      -2.04      4.81     15.83  1 
 54325.556       1.09      5.97     15.70  2 
 54329.532       1.60      4.76     16.02  1 
 54333.544       3.52      9.76     16.46  2 
 54336.536      -1.55      4.76     16.53  1 
 54340.677       2.00     10.21     16.98  2 
 54344.389      -1.15      4.68     16.88  1 
 54347.548      -6.89      5.79     16.61  2 
 54356.382      -3.26      5.94     16.66  2 
 54359.310      -1.61      4.79     16.41  1 
 54362.991     -14.26      5.58     16.51  2 
 54366.246      -1.67      4.42     16.40  1 
 54369.341       2.33      6.12     16.48  2 
 54372.269      -5.18      4.52     16.36  1 
 54379.407      -4.90      4.59     16.28  1 
 54383.485       3.08      6.24     16.51  2 
 54386.673       2.52      4.70     16.09  1 
 54390.552       1.08      6.16     15.71  2 
 54393.301      -5.03      5.73     16.57  2 
 54397.405       2.15      4.82     16.33  1 
 54401.135      -1.80      4.87     16.40  1 
 54404.294      -3.12      5.91     16.19  2 
 54504.802      -4.67      4.78     16.12  1 
 54508.745       2.45      6.12     16.47  2 
 54511.737       0.86      4.91     15.92  1 
 54518.476       1.04      4.79     16.13  1 
 54521.964      -7.73      5.51     16.27  2 
 54525.349       3.73      5.18     16.12  1 
 54529.035       2.01      5.72     16.48  2 
 54532.944       6.38      5.09     16.31  1 
 54536.300      17.37      6.45     16.81  2 
 54540.208      -0.79      4.70     16.64  1 
 54543.105      -0.68      5.87     16.18  2 
 54546.816      -3.02      4.79     16.92  1 
 54550.760      13.09      6.24     16.39  2 
 54553.817      -3.36      4.77     16.43  1 
 54556.648     -15.40      5.29     16.45  2 
 54560.556      -9.56      4.33     16.37  1 
 54564.498      -4.02      5.68     16.63  2 
 54568.669       0.11      4.80     16.12  1 
 54571.695      -4.79      5.43     16.35  2 
 54575.344       2.77      4.97     16.42  1 
 54578.898      -4.73      5.60     16.39  2 
 54581.891      -2.23      4.73     16.58  1 
 54584.855      -9.61      5.13     15.99  2 
 54588.828      -3.40      4.68     16.77  1 
 54591.856     -20.06      9.40     26.19  2 
 54595.828       8.04      5.13     16.54  1 
 54598.791       2.38      5.72     16.51  2 
 54602.698       2.77      4.95     16.51  1 
 54606.510       1.91      5.68     16.40  2 
 54609.633      -1.64      4.83     16.97  1 
 54613.509      -5.38      5.48     16.63  2 
 54616.567       0.31      4.78     16.48  1 
 54620.248       2.55      5.61     16.14  2 
 54623.323      -0.05      5.78     16.48  2 
 54650.744       2.87      5.51     16.44  2 
 54653.474       4.52      4.96     16.07  1 
 54656.435      -3.17      5.37     16.15  2 
 54659.427      -1.13      4.80     16.35  1 
 54662.453       4.37      5.78     16.08  2 
 54665.314      -2.06      4.67     16.76  1 
 54669.452       7.57      6.10     16.66  2 
 54672.446      -1.00      4.69     16.28  1 
 54676.587       2.01      6.17     15.73  2 
 54679.515      -0.55      4.90     16.34  1 
 54682.677      -0.53      6.00     16.08  2 
 54686.912      -1.90      4.76     16.96  1 
 54691.575     -11.14      5.78     16.33  2 
 54694.697      -2.15      4.57     16.37  1 
 54698.509      -3.63      5.86     16.54  2 
 54701.566      -2.45      4.82     17.00  1 
 54705.313      -1.90      5.96     16.26  2 
 54708.370      -7.18      4.62     16.52  1 
 54711.265       2.05      6.11     16.82  2 
 54715.238      -7.54      4.68     16.85  1 
 54719.245      -2.05      6.09     16.63  2 
 54723.219      -8.13      4.42     16.49  1 
 54727.426       0.56      6.30     15.82  2 
 54730.419      -2.99      4.80     15.83  1 
 54733.516       6.19      6.26     16.91  2 
 54737.423      -3.78      4.39     16.47  1 
 54740.451       3.68      6.71     15.91  2 
 54743.638      -7.79      4.30     16.57  1 
 54747.320      -3.41      5.93     16.18  2 
 54750.246      78.40      7.13     16.49  1 
 54753.207      82.38      8.21     16.37  2 
 54757.180      54.66      6.59     16.61  1 
 54761.121      18.89      6.67     17.17  2 
 54765.029      17.27      5.38     16.60  1 
 54768.971      -9.18      5.63     16.71  2 
 54870.817       0.50      4.86     16.77  1 
 54873.843       0.03      5.78     16.65  2 
 54876.901      -6.59      4.62     16.52  1 
 54880.061      -7.07      5.52     16.22  2 
 54884.363      -5.82      4.63     16.21  1 
 54887.327       2.00      5.81     16.65  2 
 54894.064      -5.49      5.62     16.69  2 
 54896.138      -3.36      4.69     16.71  1 
 54900.147      -5.38      5.51     16.60  2 
 54905.754      -6.23      4.55     16.74  1 
 54908.911       0.97      5.73     16.57  2 
 54911.706      -5.89      4.73     16.53  1 
 54914.731       7.74      5.97     16.57  2 
 54918.704      -9.90      4.50     16.98  1 
 54922.710       4.77      5.77     16.88  2 
 54925.702       9.87      5.04     16.37  1 
 54929.843      -0.43      5.84     16.49  2 
 54933.883      -2.31      4.89     15.83  1 
 54936.978      -0.89      5.51     16.39  2 
 54939.838       4.38      4.88     17.04  1 
 54942.931      -0.03      5.83     16.71  2 
 54947.883      -4.27      4.56     16.81  1 
 54951.760      -2.02      5.47     16.35  2 
 54954.685      -3.35      4.80     16.63  1 
 54958.627      -4.14      5.66     17.05  2 
 54961.749       0.02      4.92     17.01  1 
 54965.690      10.32      6.08     16.20  2 
 54968.616      -4.66      4.63     16.84  1 
 54971.641      -0.91      5.53     16.56  2 
 54975.549      -0.07      4.68     16.27  1 
 54979.755      -9.76      5.30     16.54  2 
 54982.682      -5.25      4.83     16.03  1 
 54985.777       5.67      5.73     16.24  2 
 54989.833       1.82      5.27     16.24  2 
 55014.554       5.66      5.79     17.33  2 
 55017.480       8.38      5.06     16.65  1 
 55020.373      -0.74      5.69     17.84  2 
 55025.393       3.14      4.87     16.30  1 
 55031.544       1.15      4.97     16.08  1 
 55034.704       1.13      5.87     16.25  2 
 55038.612       6.91      5.00     16.52  1 
 55042.686       2.48      6.13     16.61  2 
 55045.545      -2.84      4.58     16.40  1 
 55048.572      -0.84      5.88     16.04  2 
 55052.608      -1.98      4.67     16.67  1 
 55055.438      -2.36      5.86     16.23  2 
 55058.429       8.50      5.27     16.73  1 
 55061.454      -6.83      5.90     16.51  2 
 55064.249      -2.25      4.73     16.12  1 
 55067.404      10.95      6.36     16.72  2 
 55071.312      -1.27      4.61     16.82  1 
 55074.336      -6.63      5.75     16.82  2 
 55078.310       1.12      4.63     16.07  1 
 55081.469      -0.00      6.20     16.51  2 
 55085.771      -8.99      4.34     16.61  1 
 55088.668       0.10      6.05     16.16  2 
 55092.705       0.51      4.72     16.76  1 
 55106.243       7.19      5.13     16.39  1 
 55110.184     -12.21      5.66     17.36  2 
 55113.306       2.67      5.08     16.77  1 
 55116.266      -1.94      5.84     16.67  2 
 55120.107       1.99      4.93     16.86  1 
 55124.177      -2.92      6.05     16.58  2 
 55127.823       6.14      4.98     16.48  1 
 55134.236       0.32      5.04     16.36  1 
 55235.411       7.21      5.35     16.30  1 
 55238.440      -7.29      5.59     16.71  2 
 55241.168       8.90      5.30     16.68  1 
 55244.327      -4.57      5.92     16.52  2 
 55249.211      -4.48      4.73     16.63  1 
 55252.172      -6.77      5.82     16.41  2 
 55254.900      -0.53      4.88     17.14  1 
 55257.860      -4.16      5.76     16.56  2 
 55261.765       1.23      4.97     16.94  1 
 55264.725      -7.61      5.48     16.77  2 
 55268.826       1.59      4.97     16.55  1 
 55271.784      69.14      7.96     16.84  2 
 55275.691     113.75      8.09     16.27  1 
 55279.761      68.44      7.91     16.24  2 
 55282.818      50.30      6.60     16.19  1 
 55286.371      44.92      7.33     17.00  2 
 55290.931      32.93      6.15     16.13  1 
 55293.958      30.28      7.11     16.16  2 
 55297.012      44.13      6.41     16.68  1 
 55299.907      30.40      6.83     16.58  2 
 55306.902      -5.20      5.48     16.82  2 
 55310.610      -7.42      4.66     16.30  1 
 55313.831      -2.85      5.56     16.90  2 
 55317.474      -3.21      4.76     16.90  1 
 55320.432      -1.00      5.49     16.53  2 
 55324.534       3.15      4.97     16.36  1 
 55327.623       7.64      5.80     16.24  2 
 55331.660      -2.78      4.87     16.51  1 
 55335.800       4.28      5.97     16.20  2 
 55339.771      -1.26      4.83     16.10  1 
 55342.798       9.71      6.00     16.38  2 
 55345.722       0.49      4.83     15.82  1 
 55348.878       0.03      5.66     16.42  2 
 55354.631       2.49      5.37     16.50  2 
 55383.656       5.80      5.72     16.02  2 
 55387.627       4.25      5.03     15.73  1 
 55391.766      -1.37      5.66     15.73  2 
 55395.670      -4.05      4.61     16.22  1 
 55398.630      -4.41      5.68     15.94  2 
 55402.795      -8.06      4.28     16.43  1 
 55406.604     -14.69      5.55     16.15  2 
 55408.613       0.26      4.84     16.35  1 
 55411.439      -6.09      5.65     17.03  2 
 55415.476      -4.84      4.56     16.46  1 
 55418.236       3.93      6.03     16.31  2 
 55422.338       1.25      4.77     16.38  1 
 55425.359       9.27      6.32     15.92  2 
 55429.332      -1.66      4.71     16.66  1 
 55432.558       4.55      6.28     15.48  2 
 55436.460      -4.38      4.72     16.41  1 
 55439.943       3.15      6.23     16.90  2 
 55444.699       2.66      4.91     16.32  1 
 55447.527       2.78      6.34     16.37  2 
 55450.451     -10.70      4.22     16.48  1 
 55453.605      -5.45      5.87     16.33  2 
 55457.314      -0.27      4.76     16.42  1 
 55460.270      17.25      6.65     16.48  2 
 55464.373      -0.91      5.05     16.69  1 
 55468.309       1.79      6.02     16.31  2 
 55471.235      -0.06      4.87     16.33  1 
 55478.162      -0.55      4.56     15.80  1 
 55482.366      -2.97      6.04     16.26  2 
 55485.287       1.66      5.00     16.28  1 
 55488.575      -4.12      6.01     16.19  2 
 55491.696       4.33      5.01     16.48  1 
 55495.570       0.07      6.39     16.80  2 
 55499.278      -4.50      4.44     16.52  1 
 55600.114       4.18      4.99     16.40  1 
 55603.267       2.18      5.95     16.37  2 
 55607.170      -2.15      4.75     16.37  1 
 55611.106     -10.80      5.24     17.36  2 
 55614.749       3.24      5.02     16.69  1 
 55618.749       3.15      5.81     15.98  2 
 55629.643       0.68      4.79     15.64  1 
 55633.909       3.09      6.03     16.35  2 
 55636.896      -9.22      4.70     16.44  1 
 55640.378       1.55      5.68     16.55  2 
 55643.956      -2.36      4.74     16.20  1 
 55647.109      -1.16      5.83     16.50  2 
 55650.880       6.19      5.05     16.14  1 
 55654.098       1.13      5.88     16.20  2 
 55657.804      -5.65      4.50     16.25  1 
 55661.934       2.80      5.78     16.72  2 
 55664.661      -4.62      4.94     16.45  1 
 55668.595      -2.03      5.85     16.52  2 
 55671.714      -1.29      4.88     16.60  1 
 55675.516     -10.16      5.38     16.18  2 
 55678.636       0.57      4.78     15.97  1 
 55681.655       7.68      5.84     16.24  2 
 55685.298       2.84      4.89     16.32  1 
 55689.890     -10.93      5.13     15.98  2 
 55692.813      -3.25      4.82     15.69  1 
 55696.879      -8.30      5.50     16.36  2 
 55700.781      -2.28      4.65     16.26  1 
 55703.800       4.99      5.91     15.82  2 
 55706.919      -5.57      4.49     16.32  1 
 55710.656      -1.64      5.42     15.95  2 
 55713.774       5.27      4.98     16.20  1 
 55716.466       0.42      5.77     16.12  2 
 55719.665       2.03      5.33     16.27  2 
 55744.744      -1.16      5.42     15.85  2 
 55750.669      -5.73      4.46     16.37  1 
 55754.603       1.49      5.64     15.62  2 
 55759.483       3.95      4.90     16.17  1 
 55762.632     -10.36      5.36     15.93  2 
 55767.446      -3.65      4.71     16.04  1 
 55769.485      -8.25      5.59     16.28  2 
 55773.191      -1.70      4.71     15.70  1 
 55780.240      -5.16      4.44     16.28  1 
 55783.457     -10.67      5.69     15.78  2 
 55790.575       3.01      6.09     15.55  2 
 55797.563      -6.02      5.87     15.53  2 
 55801.528       0.57      4.79     16.06  1 
 55804.677       8.62      6.50     16.14  2 
 55808.447      -5.68      4.53     16.15  1 
 55811.530      -0.35      6.01     16.50  2 
 55822.087      -1.56      4.71     15.67  1 
 55825.300      -2.82      5.94     16.20  2 
 55829.201      -8.52      4.46     15.96  1 
 55832.285      -2.27      5.88     16.06  2 
 55836.316      -0.93      4.78     15.63  1 
 55839.401       0.34      6.08     15.67  2 
 55843.497      -0.87      4.64     15.52  1 
 55846.712      -0.20      6.01     16.29  2 
 55850.415       2.08      4.72     16.13  1 
 55857.265       0.67      4.68     15.78  1 
 55860.412       0.71      6.03     16.14  2 
 55864.180      -3.53      4.65     16.53  1 
